Close
35.79249954223633
35.407501220703125
35.45000076293945
35.26250076293945
35.45750045776367
35.29999923706055
35.16999816894531
35.61000061035156
35.567501068115234
35.90999984741211
36.13249969482422
35.91999816894531
35.9474983215332
35.912498474121094
36.64500045776367
36.877498626708984
36.76499938964844
36.63249969482422
37.2400016784668
38.252498626708984
38.497501373291016
38.314998626708984
38.48749923706055
39.025001525878906
38.92499923706055
38.86750030517578
37.5625
38.1349983215332
38.26499938964844
38.497501373291016
38.45000076293945
38.334999084472656
38.467498779296875
38.40250015258789
38.41749954223633
38.189998626708984
38.29499816894531
38.86249923706055
38.48249816894531
38.61249923706055
38.842498779296875
38.747501373291016
37.244998931884766
36.35499954223633
36.647499084472656
36.290000915527344
36.0724983215332
35.567501068115234
36.584999084472656
36.252498626708984
36.467498779296875
36.407501220703125
36.56999969482422
36.45500183105469
35.932498931884766
36.45750045776367
35.91999816894531
36.005001068115234
35.875
36.022499084472656
35.682498931884766
36.04499816894531
36.26499938964844
36.38249969482422
36.435001373291016
36.942501068115234
37.2599983215332
37.38999938964844
37.52000045776367
37.755001068115234
37.584999084472656
37.567501068115234
38.022499084472656
38.185001373291016
38.3650016784668
37.63999938964844
37.375
37.182498931884766
37.51250076293945
39.28499984741211
38.89250183105469
39.09749984741211
39.70249938964844
40.02000045776367
40.26499938964844
38.83000183105469
39.369998931884766
39.962501525878906
40.400001525878906
40.23749923706055
39.46500015258789
39.375
39.3025016784668
39.94499969482422
39.994998931884766
39.817501068115234
39.96500015258789
40.36750030517578
40.727500915527344
40.837501525878906
41.0
41.01250076293945
40.52000045776367
40.477500915527344
40.314998626708984
39.657501220703125
40.375
40.21500015258789
39.912498474121094
39.56999969482422
39.970001220703125
39.66749954223633
39.682498931884766
39.01750183105469
38.34749984741211
37.97249984741211
37.63750076293945
38.28499984741211
38.557498931884766
38.31999969482422
38.529998779296875
38.45249938964844
38.619998931884766
38.369998931884766
38.84749984741211
38.82500076293945
38.959999084472656
38.974998474121094
39.13750076293945
39.0
39.247501373291016
39.970001220703125
40.11750030517578
39.939998626708984
38.994998931884766
39.0625
39.04249954223633
39.275001525878906
39.102500915527344
39.352500915527344
40.76250076293945
41.68000030517578
42.2599983215332
41.72249984741211
42.02750015258789
43.125
43.5625
43.70249938964844
44.060001373291016
43.970001220703125
43.66749954223633
43.49250030517578
42.834999084472656
42.27000045776367
42.775001525878906
42.537498474121094
42.494998931884766
43.28499984741211
43.7400016784668
43.74250030517578
43.522499084472656
43.26750183105469
42.369998931884766
42.962501525878906
42.76250076293945
42.45000076293945
42.40999984741211
42.252498626708984
42.33000183105469
42.342498779296875
43.16749954223633
42.92499923706055
43.067501068115234
43.05500030517578
43.49250030517578
44.10499954223633
43.6349983215332
43.587501525878906
43.752498626708984
43.752498626708984
42.64250183105469
42.650001525878906
42.77000045776367
42.307498931884766
43.064998626708984
43.057498931884766
43.25749969482422
43.75
43.587501525878906
43.58250045776367
43.5724983215332
43.81999969482422
44.272499084472656
44.04750061035156
44.775001525878906
44.814998626708984
44.6150016784668
44.25
44.2599983215332
43.55500030517578
42.77750015258789
42.877498626708984
41.9900016784668
41.74250030517578
41.85749816894531
41.94499969482422
40.125
39.122501373291016
40.75749969482422
39.8849983215332
38.787498474121094
39.102500915527344
40.6775016784668
41.084999084472656
41.842498779296875
43.247501373291016
43.10749816894531
42.962501525878906
42.76750183105469
43.125
43.875
44.74250030517578
44.59749984741211
44.529998779296875
43.75
44.0525016784668
44.20500183105469
44.16749954223633
43.75749969482422
44.23500061035156
44.994998931884766
45.43000030517578
44.99250030517578
44.61000061035156
44.662498474121094
44.505001068115234
43.82500076293945
43.810001373291016
42.817501068115234
42.212501525878906
41.23500061035156
43.192501068115234
42.084999084472656
41.619998931884766
41.94499969482422
41.66999816894531
42.09749984741211
42.90250015258789
43.20000076293945
42.095001220703125
42.51250076293945
43.3125
43.11000061035156
43.53499984741211
43.682498931884766
43.95500183105469
44.560001373291016
44.459999084472656
43.20000076293945
41.43000030517578
41.310001373291016
40.73500061035156
40.912498474121094
41.05500030517578
40.58000183105469
41.314998626708984
42.275001525878906
44.14250183105469
44.22249984741211
45.95750045776367
46.290000915527344
46.51250076293945
46.84000015258789
47.5099983215332
47.147499084472656
47.037498474121094
46.61000061035156
47.04499816894531
46.747501373291016
46.57749938964844
46.907501220703125
46.790000915527344
47.09000015258789
47.037498474121094
47.14500045776367
46.974998474121094
46.875
46.717498779296875
47.560001373291016
47.95750045776367
48.32749938964844
48.494998931884766
48.3650016784668
47.92499923706055
47.807498931884766
48.06999969482422
47.67499923706055
47.70000076293945
47.209999084472656
47.185001373291016
46.42250061035156
46.625
46.3650016784668
46.22999954223633
45.54249954223633
46.10749816894531
46.040000915527344
46.375
46.27750015258789
46.79499816894531
45.97999954223633
46.349998474121094
46.99250030517578
47.64500045776367
47.587501525878906
46.970001220703125
47.75749969482422
47.83250045776367
47.727500915527344
47.86249923706055
47.599998474121094
47.970001220703125
47.86000061035156
47.90250015258789
48.25
48.70500183105469
48.5525016784668
47.744998931884766
47.477500915527344
47.5724983215332
50.375
51.84749984741211
51.997501373291016
52.26750183105469
51.77750015258789
51.8125
52.220001220703125
51.88249969482422
52.217498779296875
52.4375
52.560001373291016
53.33000183105469
54.39500045776367
53.8650016784668
53.7599983215332
53.76250076293945
53.872501373291016
54.040000915527344
54.48500061035156
54.92499923706055
55.744998931884766
56.25749969482422
56.907501220703125
57.09000015258789
56.717498779296875
55.775001525878906
55.32500076293945
54.58250045776367
55.962501525878906
55.26750183105469
56.602500915527344
55.959999084472656
54.470001220703125
54.560001373291016
54.592498779296875
55.00749969482422
54.415000915527344
55.1974983215332
55.54750061035156
55.10499954223633
56.23749923706055
56.435001373291016
56.814998626708984
57.31999969482422
58.01750183105469
56.997501373291016
56.0724983215332
55.942501068115234
56.717498779296875
54.09000015258789
53.61249923706055
55.52750015258789
54.34000015258789
55.537498474121094
55.29750061035156
54.005001068115234
54.82749938964844
55.162498474121094
55.682498931884766
53.772499084472656
54.95000076293945
54.07500076293945
53.060001373291016
53.32500076293945
54.71500015258789
55.55500030517578
51.869998931884766
50.397499084472656
50.942501068115234
52.48749923706055
52.122501373291016
51.11750030517578
48.54249954223633
48.057498931884766
46.70000076293945
47.852500915527344
48.38249969482422
46.46500015258789
44.244998931884766
44.19499969482422
43.0724983215332
43.654998779296875
43.560001373291016
45.23500061035156
44.88750076293945
44.64500045776367
46.20500183105469
44.17250061035156
43.68000030517578
42.122501373291016
42.400001525878906
42.157501220703125
42.275001525878906
42.73749923706055
41.369998931884766
40.98500061035156
41.51750183105469
40.22249984741211
39.20750045776367
37.682498931884766
36.70750045776367
39.29249954223633
39.037498474121094
39.057498931884766
39.435001373291016
39.47999954223633
35.54750061035156
37.064998626708984
36.98249816894531
37.6875
38.32749938964844
38.45000076293945
38.0724983215332
37.5
38.26750183105469
38.73500061035156
38.96500015258789
39.20500183105469
38.32500076293945
38.47999954223633
38.17499923706055
39.439998626708984
39.07500076293945
38.66999816894531
41.3125
41.61000061035156
41.630001068115234
42.8125
43.54499816894531
43.560001373291016
42.73500061035156
42.602500915527344
42.35749816894531
42.72249984741211
42.54499816894531
42.70000076293945
42.60499954223633
42.73249816894531
43.00749969482422
42.76499938964844
43.24250030517578
43.557498931884766
43.58250045776367
43.717498779296875
43.287498474121094
43.74250030517578
43.962501525878906
43.88249969482422
43.630001068115234
43.125
43.227500915527344
44.724998474121094
45.227500915527344
45.4275016784668
45.932498931884766
46.529998779296875
47.005001068115234
46.63249969482422
47.040000915527344
48.772499084472656
47.76250076293945
47.185001373291016
46.6974983215332
47.11750030517578
47.18000030517578
47.48749923706055
47.810001373291016
48.505001068115234
48.837501525878906
48.92250061035156
49.25
50.025001525878906
49.875
50.154998779296875
49.73749923706055
49.717498779296875
49.807498931884766
49.8125
50.782501220703125
50.96500015258789
51.13249969482422
51.869998931884766
51.790000915527344
51.31999969482422
51.07500076293945
51.15250015258789
50.16749954223633
52.630001068115234
52.287498474121094
52.9375
52.119998931884766
50.71500015258789
50.724998474121094
50.18000030517578
49.29499816894531
46.43000030517578
47.165000915527344
47.72999954223633
47.52000045776367
47.25
45.772499084472656
46.650001525878906
45.69499969482422
44.915000915527344
44.74250030517578
44.557498931884766
44.345001220703125
44.57500076293945
43.76750183105469
43.32500076293945
44.90999984741211
45.6349983215332
46.30500030517578
47.537498474121094
48.14500045776367
48.70249938964844
48.54750061035156
48.537498474121094
48.185001373291016
48.47249984741211
49.61249923706055
49.467498779296875
49.8650016784668
49.69499969482422
49.64500045776367
48.89250183105469
49.95000076293945
49.935001373291016
49.47999954223633
50.38750076293945
50.682498931884766
51.102500915527344
51.057498931884766
50.005001068115234
50.310001373291016
50.807498931884766
50.4375
50.82500076293945
51.3025016784668
51.125
50.837501525878906
51.415000915527344
50.647499084472656
51.80500030517578
52.209999084472656
52.16749954223633
51.755001068115234
51.935001373291016
52.41999816894531
52.19499969482422
53.2599983215332
52.10749816894531
51.005001068115234
48.334999084472656
49.25
49.7599983215332
50.85749816894531
50.247501373291016
50.119998931884766
52.24250030517578
50.6875
50.435001373291016
51.625
52.587501525878906
52.59000015258789
53.15999984741211
53.1150016784668
50.65999984741211
51.622501373291016
51.040000915527344
51.38249969482422
52.252498626708984
52.185001373291016
51.42499923706055
52.29750061035156
53.31999969482422
53.314998626708984
53.54249954223633
54.17499923706055
55.897499084472656
55.772499084472656
54.6875
54.974998474121094
55.17499923706055
55.692501068115234
55.2400016784668
54.432498931884766
54.68000030517578
54.41999816894531
55.25749969482422
54.97249984741211
54.70500183105469
55.99250030517578
56.147499084472656
54.7400016784668
55.20500183105469
56.752498626708984
56.76499938964844
56.099998474121094
56.75749969482422
57.522499084472656
59.0525016784668
58.967498779296875
58.83000183105469
58.592498779296875
58.81999969482422
59.102500915527344
60.127498626708984
59.9900016784668
60.79499816894531
60.89500045776367
61.64500045776367
62.26250076293945
60.8224983215332
60.814998626708984
62.189998626708984
63.95500183105469
64.375
64.28250122070312
64.30999755859375
64.85749816894531
65.03500366210938
65.55000305175781
65.48999786376953
66.11750030517578
65.66000366210938
66.44000244140625
66.7750015258789
66.57250213623047
65.79750061035156
65.50250244140625
65.44499969482422
66.59249877929688
66.07250213623047
66.95999908447266
66.8125
66.04000091552734
64.86250305175781
65.43499755859375
66.3949966430664
67.67749786376953
66.7300033569336
67.12000274658203
67.69249725341797
67.86499786376953
68.7874984741211
69.96499633789062
70.10250091552734
69.93499755859375
70.00499725341797
69.86000061035156
71.0
71.06749725341797
72.47750091552734
72.44999694824219
72.87999725341797
73.4124984741211
75.0875015258789
74.35749816894531
74.94999694824219
74.59750366210938
75.79750061035156
77.40750122070312
77.5824966430664
79.23999786376953
78.16999816894531
77.83499908447266
78.80999755859375
79.68250274658203
79.14250183105469
79.42500305175781
79.80750274658203
79.57749938964844
77.23750305175781
79.42250061035156
81.08499908447266
80.96749877929688
77.37750244140625
77.16500091552734
79.7125015258789
80.36250305175781
81.30249786376953
80.00749969482422
80.38749694824219
79.90249633789062
81.80000305175781
81.21749877929688
81.23750305175781
79.75
80.90499877929688
80.07499694824219
78.26249694824219
74.54499816894531
72.0199966430664
73.1624984741211
68.37999725341797
68.33999633789062
74.70249938964844
72.33000183105469
75.68499755859375
73.2300033569336
72.25749969482422
66.5425033569336
71.33499908447266
68.85749816894531
62.057498931884766
69.49250030517578
60.5525016784668
63.21500015258789
61.66749954223633
61.19499969482422
57.310001373291016
56.092498779296875
61.720001220703125
61.380001068115234
64.61000061035156
61.935001373291016
63.70249938964844
63.5724983215332
60.227500915527344
61.23249816894531
60.352500915527344
65.61750030517578
64.85749816894531
66.51750183105469
66.99749755859375
68.3125
71.76249694824219
71.10749816894531
71.67250061035156
70.69999694824219
69.23249816894531
67.09249877929688
69.0250015258789
68.75749969482422
70.74250030517578
70.7925033569336
69.6449966430664
71.93250274658203
73.44999694824219
72.26750183105469
73.29000091552734
74.38999938964844
75.15750122070312
75.93499755859375
77.53250122070312
78.75250244140625
77.85250091552734
76.9124984741211
77.38500213623047
76.92749786376953
78.73999786376953
78.28500366210938
79.80750274658203
79.2125015258789
79.72250366210938
79.18250274658203
79.52749633789062
79.5625
79.48500061035156
80.4625015258789
80.83499908447266
81.27999877929688
80.58000183105469
82.875
83.36499786376953
85.99749755859375
88.20999908447266
83.9749984741211
84.69999694824219
85.74749755859375
88.0199966430664
87.89749908447266
87.93250274658203
87.43000030517578
89.71749877929688
91.63249969482422
90.01499938964844
91.20999908447266
88.40750122070312
90.44499969482422
91.19999694824219
91.02749633789062
91.02749633789062
93.4625015258789
93.17250061035156
95.34249877929688
95.75250244140625
95.91999816894531
95.47750091552734
97.05750274658203
97.7249984741211
96.52249908447266
96.32749938964844
98.35749816894531
97.0
97.27249908447266
92.84500122070312
92.61499786376953
94.80999755859375
93.25250244140625
95.04000091552734
96.19000244140625
106.26000213623047
108.9375
109.66500091552734
110.0625
113.90249633789062
111.11250305175781
112.72750091552734
109.375
113.01000213623047
115.01000213623047
114.90750122070312
114.60749816894531
115.5625
115.7074966430664
118.2750015258789
124.37000274658203
125.85749816894531
124.82499694824219
126.52249908447266
125.01000213623047
124.80750274658203
129.0399932861328
134.17999267578125
131.39999389648438
120.87999725341797
120.95999908447266
112.81999969482422
117.31999969482422
113.48999786376953
112.0
115.36000061035156
115.54000091552734
112.12999725341797
110.33999633789062
106.83999633789062
110.08000183105469
111.80999755859375
107.12000274658203
108.22000122070312
112.27999877929688
114.95999908447266
114.08999633789062
115.80999755859375
116.79000091552734
113.0199966430664
116.5
113.16000366210938
115.08000183105469
114.97000122070312
116.97000122070312
124.4000015258789
121.0999984741211
121.19000244140625
120.70999908447266
119.0199966430664
115.9800033569336
117.51000213623047
116.87000274658203
115.75
115.04000091552734
115.05000305175781
116.5999984741211
111.19999694824219
115.31999969482422
108.86000061035156
108.7699966430664
110.44000244140625
114.94999694824219
119.02999877929688
118.69000244140625
116.31999969482422
115.97000122070312
119.48999786376953
119.20999908447266
119.26000213623047
120.30000305175781
119.38999938964844
118.02999877929688
118.63999938964844
117.33999633789062
113.8499984741211
115.16999816894531
116.02999877929688
116.58999633789062
119.05000305175781
122.72000122070312
123.08000183105469
122.94000244140625
122.25
123.75
124.37999725341797
121.77999877929688
123.23999786376953
