Open,High,Low,Volume
35.900001525878906,35.970001220703125,35.724998474121094,75733600
35.73500061035156,35.837501525878906,35.01499938964844,121517600
35.400001525878906,35.537498474121094,35.252498626708984,81400000
35.477500915527344,35.595001220703125,35.26250076293945,71291600
35.369998931884766,35.470001220703125,35.217498779296875,66328400
35.352500915527344,35.5099983215332,35.27750015258789,58790000
35.470001220703125,35.5,35.11249923706055,69313600
35.30500030517578,35.72999954223633,35.290000915527344,93278400
35.61000061035156,35.66999816894531,35.462501525878906,69283600
35.875,35.98749923706055,35.79499816894531,68537200
35.977500915527344,36.224998474121094,35.967498779296875,75486000
36.11750030517578,36.150001525878906,35.845001220703125,80164800
35.97999954223633,36.040000915527344,35.82749938964844,56985200
36.022499084472656,36.07500076293945,35.817501068115234,83441600
36.275001525878906,36.79999923706055,36.2400016784668,134411600
36.8849983215332,37.022499084472656,36.709999084472656,181408800
36.397499084472656,36.872501373291016,36.067501068115234,182788000
36.630001068115234,36.78499984741211,36.45249938964844,93487600
36.689998626708984,37.244998931884766,36.689998626708984,109310800
37.25749969482422,38.42499923706055,37.25749969482422,195009600
38.467498779296875,38.720001220703125,38.36249923706055,156521600
38.407501220703125,38.48500061035156,38.02750015258789,103222800
38.11249923706055,38.51750183105469,38.07749938964844,109020400
38.67499923706055,39.10499954223633,38.66749954223633,130108000
39.002498626708984,39.162498474121094,38.76250076293945,104038800
38.98500061035156,39.01499938964844,38.68000030517578,80194000
38.400001525878906,38.64250183105469,37.4275016784668,203070800
37.817501068115234,38.334999084472656,37.782501220703125,134272800
38.345001220703125,38.494998931884766,38.157501220703125,107843200
38.5,38.64500045776367,38.227500915527344,91865600
38.724998474121094,38.724998474121094,38.32749938964844,79675600
38.459999084472656,38.54249954223633,38.16749954223633,76712000
38.432498931884766,38.587501525878906,38.25749969482422,76942400
38.5,38.560001373291016,38.32749938964844,87710400
38.35499954223633,38.60749816894531,38.33250045776367,80507600
38.49250030517578,38.54249954223633,38.095001220703125,97804800
38.29249954223633,38.33250045776367,38.05500030517578,65616400
38.39500045776367,38.86249923706055,38.22249984741211,111082800
38.584999084472656,38.61249923706055,38.3650016784668,101326800
38.474998474121094,38.95249938964844,38.44499969482422,106499600
38.755001068115234,38.994998931884766,38.619998931884766,84278400
38.8125,38.8849983215332,38.599998474121094,85003200
38.79750061035156,38.79750061035156,36.505001068115234,259530800
36.435001373291016,36.522499084472656,35.627498626708984,289229200
36.790000915527344,36.86249923706055,36.287498474121094,136661600
36.875,36.875,35.959999084472656,126124800
35.83000183105469,36.119998931884766,35.5525016784668,128661600
35.94499969482422,36.125,35.54999923706055,201444400
35.915000915527344,36.685001373291016,35.915000915527344,130165600
36.717498779296875,36.717498779296875,36.23500061035156,99600400
36.380001068115234,36.51750183105469,36.15250015258789,85063200
36.442501068115234,36.67499923706055,36.279998779296875,76425200
36.282501220703125,36.790000915527344,36.27750015258789,141757600
36.79249954223633,37.06999969482422,36.345001220703125,102769600
36.252498626708984,36.540000915527344,35.904998779296875,99047600
36.122501373291016,36.52750015258789,35.790000915527344,88329600
36.1775016784668,36.282501220703125,35.56999969482422,125997600
36.11249923706055,36.2400016784668,35.94499969482422,92096400
36.220001220703125,36.32500076293945,35.775001525878906,57111200
35.92250061035156,36.1974983215332,35.68000030517578,86278400
35.755001068115234,35.875,35.602500915527344,96515200
35.724998474121094,36.1875,35.724998474121094,76806800
36.02750015258789,36.48749923706055,35.842498779296875,84362400
36.182498931884766,36.462501525878906,36.095001220703125,79127200
36.467498779296875,36.54499816894531,36.20500183105469,99538000
36.375,37.122501373291016,36.36000061035156,100797600
36.99250030517578,37.33250045776367,36.83250045776367,80528400
37.20500183105469,37.724998474121094,37.14250183105469,95174000
37.29999923706055,37.532501220703125,37.16749954223633,71475200
37.619998931884766,37.85499954223633,37.48749923706055,83692000
37.875,37.935001373291016,37.54750061035156,68974800
37.497501373291016,37.61000061035156,37.220001220703125,105010400
37.64500045776367,38.11000061035156,37.474998474121094,85972800
37.95000076293945,38.459999084472656,37.95000076293945,75415600
38.337501525878906,38.48249816894531,38.26499938964844,63124000
38.4375,38.497501373291016,36.82500076293945,129905200
37.47249984741211,37.557498931884766,37.29750061035156,68854800
37.474998474121094,37.58250045776367,37.032501220703125,79383600
37.275001525878906,37.55500030517578,37.102500915527344,141474400
39.81999969482422,39.9375,39.040000915527344,279747200
39.26250076293945,39.3025016784668,38.755001068115234,108389200
39.01750183105469,39.349998474121094,38.92250061035156,82239600
39.26499938964844,39.72999954223633,39.16749954223633,87481200
39.650001525878906,40.45750045776367,39.567501068115234,144823600
39.814998626708984,40.317501068115234,39.77750015258789,104526000
39.974998474121094,40.0,38.657501220703125,163217200
39.150001525878906,39.64250183105469,39.01750183105469,105028400
39.83000183105469,40.0525016784668,39.6875,88490800
40.165000915527344,40.54999923706055,40.03499984741211,117862000
40.48500061035156,40.627498626708984,40.037498474121094,110686400
40.130001068115234,40.1775016784668,39.459999084472656,111762400
39.46500015258789,39.875,39.18000030517578,109712400
39.375,39.47249984741211,38.77750015258789,105474000
39.557498931884766,40.0,39.505001068115234,86418400
39.76750183105469,40.11750030517578,39.720001220703125,77596400
40.10749816894531,40.185001373291016,39.63750076293945,79275600
39.912498474121094,40.13999938964844,39.817501068115234,101920400
40.03499984741211,40.5,39.98249816894531,103864000
40.025001525878906,40.779998779296875,40.0,118067600
40.95000076293945,40.97249984741211,40.65250015258789,109078400
40.90999984741211,41.130001068115234,40.869998931884766,107140400
41.20000076293945,41.23500061035156,40.907501220703125,66364400
40.9375,41.0625,40.13999938964844,117874000
40.6775016784668,40.747501373291016,40.130001068115234,86606800
40.522499084472656,40.560001373291016,40.09000015258789,87714000
40.21500015258789,40.287498474121094,39.63249969482422,114446000
40.125,40.51250076293945,39.97249984741211,126323200
40.65250015258789,40.9900016784668,39.692501068115234,286856000
39.967498779296875,39.9900016784668,39.477500915527344,179629600
39.747501373291016,39.849998474121094,39.522499084472656,95042800
39.61750030517578,40.24250030517578,39.5,196458400
40.02750015258789,40.125,39.5,113077600
39.877498626708984,39.942501068115234,39.61000061035156,83242400
39.474998474121094,39.564998626708984,38.45750045776367,211805600
38.95000076293945,38.95000076293945,38.1875,150046800
37.8849983215332,38.067501068115234,37.63999938964844,186581600
37.497501373291016,37.95750045776367,37.290000915527344,177549200
37.94499969482422,38.47999954223633,37.92250061035156,146640000
38.45000076293945,38.68000030517578,38.3849983215332,102016800
38.47249984741211,38.56999969482422,38.17499923706055,88022000
38.3025016784668,38.532501220703125,38.0,105199200
38.564998626708984,38.61249923706055,38.18000030517578,74795200
38.502498626708984,38.772499084472656,38.477500915527344,64921200
38.407501220703125,38.46500015258789,38.1150016784668,80655200
38.54499816894531,38.86000061035156,38.51250076293945,85135200
38.74250030517578,38.872501373291016,38.63999938964844,69630400
38.95249938964844,39.182498931884766,38.872501373291016,65051600
39.01499938964844,39.5,38.775001525878906,62468000
38.99250030517578,39.244998931884766,38.9375,67622400
39.087501525878906,39.342498779296875,38.932498931884766,64500400
39.182498931884766,39.31999969482422,39.102500915527344,65576800
39.474998474121094,40.0,39.412498474121094,96486000
39.94499969482422,40.217498779296875,39.807498931884766,75989200
40.10499954223633,40.1775016784668,39.900001525878906,65496800
39.1875,39.27000045776367,38.755001068115234,170336800
39.15250015258789,39.4375,38.9900016784668,95896400
39.22249984741211,39.42250061035156,38.875,87937200
39.0724983215332,39.35499954223633,39.04999923706055,71028800
39.227500915527344,39.38750076293945,38.817501068115234,84828400
39.307498931884766,39.45750045776367,39.19499969482422,68002000
39.8224983215332,40.900001525878906,39.67499923706055,177816800
40.97249984741211,42.01750183105469,40.93000030517578,178803200
41.974998474121094,42.412498474121094,41.73500061035156,144187200
42.467498779296875,42.48500061035156,41.40250015258789,134551200
41.650001525878906,42.125,41.31999969482422,165573600
43.5,43.564998626708984,42.779998779296875,237594400
43.092498779296875,43.747501373291016,42.93000030517578,140105200
43.477500915527344,43.8125,43.400001525878906,97446000
43.665000915527344,44.060001373291016,43.58250045776367,97638000
43.77750015258789,44.025001525878906,43.28499984741211,117930400
43.77750015258789,43.845001220703125,43.567501068115234,100582000
43.375,43.625,43.349998474121094,67928400
43.2599983215332,43.369998931884766,42.79499816894531,99130000
42.49250030517578,42.58000183105469,42.095001220703125,116632400
42.79499816894531,42.967498779296875,42.57500076293945,94550000
42.7599983215332,42.84749984741211,42.40999984741211,87598000
42.5724983215332,42.63999938964844,42.38999938964844,65049600
42.69499969482422,43.42499923706055,42.69499969482422,100525200
43.34000015258789,43.75,43.26250076293945,102355600
43.775001525878906,43.875,43.662498474121094,56106800
43.76250076293945,43.77000045776367,43.334999084472656,82867200
43.57500076293945,43.717498779296875,42.96500015258789,105715200
43.157501220703125,43.22999954223633,41.790000915527344,166665600
42.60749816894531,43.03499984741211,42.11000061035156,166108800
42.48749923706055,42.91749954223633,42.125,159037200
43.119998931884766,43.154998779296875,42.407501220703125,130169600
42.26499938964844,42.880001068115234,42.099998474121094,109400800
41.875,42.54999923706055,41.6150016784668,114240000
42.25749969482422,42.61000061035156,42.227500915527344,102693200
42.622501373291016,42.75,42.20500183105469,93420800
42.29999923706055,43.22249984741211,42.1974983215332,141095200
43.037498474121094,43.09749984741211,42.8650016784668,77636800
43.125,43.3849983215332,43.0,95273600
43.099998474121094,43.282501220703125,42.912498474121094,81906000
43.407501220703125,43.54249954223633,43.1150016784668,160677200
43.720001220703125,44.29999923706055,43.71500015258789,117684400
43.75749969482422,43.84749984741211,43.522499084472656,109745600
43.717498779296875,43.85499954223633,43.3125,93902400
43.54249954223633,44.005001068115234,43.525001525878906,83799600
43.66999816894531,43.85499954223633,43.625,65397600
42.70000076293945,42.86750030517578,42.41999816894531,132742000
42.525001525878906,42.69499969482422,42.4275016784668,85992800
42.75,42.962501525878906,42.619998931884766,65920800
42.630001068115234,42.647499084472656,42.30500030517578,103999600
42.540000915527344,43.07500076293945,42.314998626708984,102223600
43.13249969482422,43.63750076293945,42.9900016784668,118071600
43.1349983215332,43.36750030517578,43.02000045776367,89738400
43.36000061035156,43.842498779296875,43.26250076293945,94640000
43.587501525878906,43.90250015258789,43.48249816894531,82271200
43.63750076293945,43.76499938964844,43.352500915527344,86336000
43.290000915527344,43.57500076293945,43.25,95839600
43.647499084472656,43.872501373291016,43.622501373291016,74670800
44.04499816894531,44.34000015258789,43.912498474121094,101672400
44.474998474121094,44.84749984741211,44.03499984741211,118263600
44.037498474121094,44.8125,43.76750183105469,137547200
44.842498779296875,45.025001525878906,44.5625,124773600
44.65250015258789,44.89500045776367,44.352500915527344,129700400
44.32500076293945,44.44499969482422,44.150001525878906,108434400
44.32500076293945,44.86000061035156,44.20500183105469,130756400
44.3125,44.32500076293945,43.29999923706055,204420400
43.627498626708984,43.73749923706055,42.63249969482422,166116000
43.0,43.0,42.51499938964844,156572000
42.540000915527344,42.540000915527344,41.76750183105469,202561600
41.38249969482422,41.842498779296875,41.17499923706055,184192800
41.717498779296875,42.11000061035156,41.625,129915600
41.79249954223633,42.154998779296875,41.689998626708984,188923200
41.5,41.70000076293945,40.025001525878906,346375200
39.775001525878906,40.970001220703125,39.0,290954000
38.70750045776367,40.93000030517578,38.5,272975200
40.772499084472656,40.849998474121094,39.76750183105469,206434400
40.0724983215332,40.25,38.75749969482422,217562000
39.26750183105469,39.47249984741211,37.560001373291016,282690400
39.625,40.97249984741211,39.377498626708984,243278000
40.48749923706055,41.1875,40.412498474121094,130196800
40.7599983215332,41.8849983215332,40.720001220703125,162579600
42.4474983215332,43.272499084472656,42.25,204588800
43.09000015258789,43.70500183105469,42.942501068115234,160704400
43.01250076293945,43.564998626708984,42.85499954223633,135722000
43.20750045776367,43.529998779296875,42.752498626708984,149886400
42.95000076293945,43.48749923706055,42.9275016784668,123967600
43.41749954223633,43.912498474121094,43.3849983215332,135249600
44.087501525878906,44.84749984741211,44.0525016784668,152648800
44.775001525878906,45.119998931884766,44.540000915527344,155712400
44.814998626708984,45.154998779296875,44.51250076293945,151128400
44.6349983215332,44.94499969482422,43.165000915527344,195208000
43.20000076293945,44.07500076293945,43.11249923706055,153816000
43.8025016784668,44.435001373291016,43.630001068115234,113605600
44.477500915527344,44.5625,44.032501220703125,95154000
43.73500061035156,43.962501525878906,43.567501068115234,126814000
43.869998931884766,44.279998779296875,43.76750183105469,95096400
44.4900016784668,45.0,44.34749984741211,128740800
45.0724983215332,45.59749984741211,45.0525016784668,128828400
45.647499084472656,45.875,44.810001373291016,126774000
45.08000183105469,45.130001068115234,44.45249938964844,117473600
44.625,45.060001373291016,44.51750183105469,90975200
44.662498474121094,44.779998779296875,44.404998779296875,157618800
44.33000183105469,44.36750030517578,43.415000915527344,133787200
43.810001373291016,44.20000076293945,43.73500061035156,78597600
43.7599983215332,43.772499084472656,42.814998626708984,148219600
42.5,43.16999816894531,42.150001525878906,165963200
42.09749984741211,42.47999954223633,41.23500061035156,164115200
42.01750183105469,43.275001525878906,41.61000061035156,150164800
43.41999816894531,43.787498474121094,41.72999954223633,163690400
41.8125,42.505001068115234,41.29750061035156,166674000
41.95249938964844,42.9375,41.724998474121094,153594000
41.65999984741211,42.23500061035156,41.11750030517578,150347200
41.90999984741211,42.1875,41.220001220703125,121112000
41.220001220703125,43.002498626708984,41.192501068115234,138422000
43.14500045776367,43.557498931884766,43.02000045776367,107732800
42.74250030517578,43.119998931884766,42.04999923706055,140021200
42.470001220703125,43.272499084472656,42.462501525878906,116070800
43.25,43.5,42.88249969482422,113634400
43.057498931884766,43.47999954223633,42.92499923706055,89726400
43.352500915527344,43.75,43.2599983215332,91557200
43.69499969482422,43.959999084472656,43.462501525878906,100497200
43.75749969482422,44.04750061035156,43.70750045776367,86313600
44.122501373291016,44.73500061035156,44.102500915527344,106421600
44.45249938964844,44.70500183105469,44.220001220703125,83018000
43.439998626708984,43.84749984741211,43.165000915527344,139235200
42.650001525878906,42.80500030517578,41.35749816894531,261964400
41.70750045776367,41.72999954223633,41.022499084472656,146062000
41.41749954223633,41.58250045776367,40.30500030517578,134768000
40.654998779296875,41.35499954223633,40.602500915527344,113528400
41.029998779296875,41.432498931884766,40.842498779296875,111852000
41.0,41.08250045776367,40.157501220703125,142623200
40.532501220703125,41.814998626708984,40.459999084472656,169709600
41.602500915527344,42.29999923706055,41.317501068115234,214277600
43.807498931884766,44.4375,43.45000076293945,266157600
43.970001220703125,44.375,43.61000061035156,136272800
44.5625,46.0625,44.54249954223633,224805200
46.29499816894531,46.91749954223633,46.1875,169805600
46.247501373291016,46.55500030517578,45.91749954223633,113611200
46.63750076293945,46.849998474121094,46.30500030517578,92844800
46.935001373291016,47.592498779296875,46.912498474121094,111957200
47.372501373291016,47.51499938964844,46.86249923706055,104848800
47.252498626708984,47.38249969482422,46.96500015258789,83115200
46.69499969482422,46.76750183105469,46.275001525878906,94780800
46.51750183105469,47.1150016784668,46.5,76732400
47.0,47.227500915527344,46.59000015258789,69176000
46.79750061035156,46.95249938964844,46.532501220703125,73190800
47.0,47.317501068115234,46.727500915527344,73603200
47.095001220703125,47.220001220703125,46.69499969482422,60962800
46.587501525878906,47.125,46.439998626708984,80233600
47.192501068115234,47.209999084472656,46.5525016784668,92936000
47.057498931884766,47.412498474121094,46.912498474121094,69844000
46.900001525878906,47.1875,46.717498779296875,90056400
46.93000030517578,47.0,46.69499969482422,74762000
46.80500030517578,47.057498931884766,46.53499984741211,109931200
46.997501373291016,47.564998626708984,46.9375,93770000
47.90999984741211,48.35499954223633,47.837501525878906,105064800
48.26750183105469,48.48500061035156,48.09000015258789,86264000
48.407501220703125,48.52000045776367,47.97999954223633,83734400
48.53499984741211,48.54999923706055,48.084999084472656,85388800
47.79249954223633,48.0,47.442501068115234,106627200
47.837501525878906,47.99250030517578,47.5525016784668,73234000
47.84749984741211,48.15250015258789,47.787498474121094,67644400
48.10499954223633,48.220001220703125,47.61000061035156,86553600
47.88750076293945,47.89250183105469,47.55500030517578,86440400
47.50749969482422,47.540000915527344,47.064998626708984,246876800
46.970001220703125,47.30500030517578,46.79999923706055,73939600
46.28499984741211,46.58250045776367,45.86249923706055,134314000
46.587501525878906,46.79999923706055,46.432498931884766,82514800
46.8125,47.087501525878906,46.23500061035156,102847600
46.529998779296875,46.537498474121094,46.17499923706055,108801600
45.849998474121094,46.22999954223633,45.182498931884766,126652400
45.747501373291016,46.63249969482422,45.6349983215332,98276800
46.307498931884766,46.81999969482422,46.00749969482422,101141200
46.025001525878906,46.5525016784668,45.95000076293945,69460800
46.5724983215332,46.79750061035156,45.727500915527344,90950800
45.95500183105469,46.82500076293945,45.85499954223633,70925200
46.9474983215332,46.98749923706055,45.8849983215332,55819200
46.314998626708984,46.602500915527344,46.06999969482422,66416800
46.35499954223633,47.10749816894531,46.29999923706055,69940800
47.375,47.66999816894531,47.32500076293945,79026400
47.6775016784668,47.81999969482422,47.54499816894531,63756400
47.125,47.44499969482422,46.90250015258789,75326000
47.38249969482422,47.852500915527344,47.32749938964844,72164400
47.77000045776367,47.959999084472656,47.724998474121094,50055600
47.880001068115234,48.162498474121094,47.60499954223633,60172400
47.4375,47.967498779296875,47.29999923706055,62138000
47.94499969482422,47.95000076293945,47.48249816894531,65573600
47.42250061035156,48.13750076293945,47.42250061035156,81147200
47.94499969482422,48.10749816894531,47.54249954223633,82704800
47.66999816894531,47.9900016784668,47.38999938964844,63957600
48.11249923706055,48.415000915527344,48.01250076293945,74791600
48.26499938964844,48.712501525878906,48.10749816894531,66839600
48.65250015258789,48.9900016784668,48.40250015258789,76304000
48.747501373291016,48.79750061035156,47.525001525878906,96096000
47.974998474121094,48.04999923706055,47.26750183105469,84118000
47.57500076293945,48.03499984741211,47.334999084472656,157492000
49.782501220703125,50.439998626708984,49.32749938964844,271742800
50.14500045776367,52.095001220703125,50.087501525878906,249616000
51.75749969482422,52.185001373291016,51.369998931884766,133789600
52.0,52.3125,51.76750183105469,101701600
52.33000183105469,52.375,51.689998626708984,102349600
51.51250076293945,51.95249938964844,51.130001068115234,90102000
52.38249969482422,52.44499969482422,51.79999923706055,93970400
51.84000015258789,52.275001525878906,51.66749954223633,98444800
52.32749938964844,52.73749923706055,51.92499923706055,103563600
52.540000915527344,52.63999938964844,52.064998626708984,82992000
52.30500030517578,52.685001373291016,52.08250045776367,115230400
52.9375,53.45249938964844,52.86750030517578,114001600
53.36000061035156,54.48749923706055,53.290000915527344,141708000
54.525001525878906,54.79499816894531,53.77750015258789,121150800
54.20000076293945,54.29750061035156,53.50749969482422,104639200
53.525001525878906,54.09000015258789,53.459999084472656,76072400
53.662498474121094,54.26250076293945,53.650001525878906,75532800
54.150001525878906,54.224998474121094,53.77750015258789,73905600
54.287498474121094,54.685001373291016,54.08250045776367,82100400
54.752498626708984,55.1349983215332,54.72999954223633,91107200
55.037498474121094,55.872501373291016,54.852500915527344,109019200
55.8125,57.064998626708984,55.599998474121094,195175200
56.627498626708984,57.217498779296875,56.5,173360400
57.102500915527344,57.29499816894531,56.657501220703125,109560400
57.247501373291016,57.41749954223633,56.275001525878906,133332000
56.557498931884766,56.837501525878906,55.32500076293945,137160000
55.462501525878906,56.342498779296875,55.1775016784668,150479200
55.23749923706055,55.462501525878906,54.11750030517578,158066000
54.502498626708984,56.07500076293945,54.13999938964844,142996000
56.23500061035156,56.25,54.959999084472656,197114800
55.880001068115234,57.087501525878906,55.64250183105469,166825600
56.4375,56.709999084472656,55.630001068115234,127997200
55.537498474121094,55.73749923706055,54.317501068115234,148780400
54.4474983215332,55.462501525878906,54.279998779296875,126286800
54.625,54.904998779296875,53.82500076293945,108495200
55.060001373291016,55.56999969482422,54.787498474121094,106435200
55.19499969482422,55.34000015258789,54.3224983215332,384986800
54.20500183105469,55.314998626708984,54.157501220703125,110773600
54.9375,55.70500183105469,54.92499923706055,98217600
55.25,55.9375,54.939998626708984,95938800
55.95500183105469,56.61000061035156,55.8849983215332,120724800
56.1974983215332,56.459999084472656,56.005001068115234,91717600
56.98749923706055,57.35499954223633,56.587501525878906,94403200
56.8125,57.5,56.657501220703125,99152800
57.51250076293945,58.36750030517578,57.44499969482422,114619200
57.69499969482422,58.087501525878906,56.682498931884766,128168000
56.9900016784668,57.102500915527344,55.14500045776367,134322000
55.5525016784668,56.20000076293945,55.04999923706055,118655600
55.90999984741211,56.817501068115234,55.5625,107564000
56.3650016784668,56.587501525878906,54.01250076293945,167962400
53.630001068115234,54.875,53.08000183105469,212497600
55.10499954223633,55.720001220703125,54.209999084472656,161351600
55.290000915527344,55.45750045776367,54.317501068115234,123164000
54.73249816894531,55.747501373291016,54.189998626708984,116736000
55.57500076293945,55.65999984741211,54.834999084472656,91541600
54.46500015258789,54.935001373291016,53.25,130325200
54.51499938964844,55.314998626708984,54.35749816894531,132314800
54.9474983215332,55.84000015258789,54.73500061035156,115168400
53.95750045776367,55.8125,53.67499923706055,155071200
55.650001525878906,56.057498931884766,53.6349983215332,163702000
54.4275016784668,55.345001220703125,54.1875,119423200
53.974998474121094,55.04750061035156,53.16749954223633,189033600
54.79750061035156,54.92250061035156,51.522499084472656,183742000
52.787498474121094,53.79499816894531,52.317501068115234,146640000
54.220001220703125,55.11249923706055,54.154998779296875,153435600
54.76250076293945,55.59000015258789,54.20249938964844,233292800
52.38750076293945,53.412498474121094,51.35749816894531,365314800
51.07500076293945,51.09749984741211,49.54249954223633,264654800
50.47999954223633,51.18000030517578,50.42250061035156,127531600
51.49250030517578,52.51499938964844,51.032501220703125,133697600
52.494998931884766,52.529998779296875,51.6875,101450400
51.38750076293945,51.502498626708984,50.5625,137463200
49.75,49.962501525878906,48.4474983215332,204542000
47.907501220703125,49.29499816894531,47.86249923706055,187531600
48.474998474121094,48.619998931884766,46.48249816894531,243204000
47.09749984741211,47.99250030517578,46.724998474121094,185915200
47.625,48.74250030517578,47.3650016784668,147713200
47.5,47.67499923706055,46.247501373291016,167701200
44.592498779296875,45.36750030517578,43.877498626708984,271300800
44.932498931884766,45.067501068115234,44.13750076293945,124496800
43.73500061035156,44.150001525878906,43.025001525878906,94496000
43.560001373291016,43.73749923706055,42.564998626708984,179994000
42.877498626708984,43.692501068115234,42.720001220703125,165549600
44.182498931884766,45.3224983215332,43.73249816894531,184250000
45.665000915527344,45.70000076293945,44.42499923706055,167080000
45.0724983215332,45.08250045776367,44.25749969482422,158126000
46.1150016784668,46.23500061035156,45.3025016784668,163210000
45.23749923706055,45.59749984741211,44.067501068115234,165377200
42.939998626708984,43.69499969482422,42.60499954223633,172393600
43.372501373291016,43.622501373291016,42.07500076293945,169126400
41.25,42.522499084472656,40.83250045776367,248104000
42.915000915527344,42.9474983215332,41.75,189126800
42.599998474121094,42.97999954223633,42.255001068115234,142510800
42.622501373291016,43.14250183105469,42.38750076293945,127594400
42.25,42.27000045776367,41.31999969482422,162814800
41.36249923706055,42.087501525878906,40.682498931884766,177151600
41.345001220703125,41.88249969482422,41.09749984741211,135366000
41.5,41.86249923706055,39.772499084472656,196189200
40.099998474121094,40.52750015258789,38.82500076293945,259092000
39.21500015258789,39.540000915527344,37.407501220703125,382978400
37.037498474121094,37.88750076293945,36.647499084472656,148676800
37.07500076293945,39.307498931884766,36.68000030517578,234330000
38.959999084472656,39.192501068115234,37.51750183105469,212468400
39.375,39.630001068115234,38.63750076293945,169165600
39.63249969482422,39.84000015258789,39.119998931884766,140014000
38.72249984741211,39.712501525878906,38.557498931884766,148158800
35.994998931884766,36.43000030517578,35.5,365248800
36.13249969482422,37.13750076293945,35.95000076293945,234428400
37.17499923706055,37.20750045776367,36.474998474121094,219111200
37.38999938964844,37.95500183105469,37.130001068115234,164101200
37.8224983215332,38.63249969482422,37.407501220703125,180396400
38.125,38.49250030517578,37.71500015258789,143122800
38.220001220703125,38.42499923706055,37.877498626708984,108092800
37.712501525878906,37.817501068115234,37.30500030517578,129756800
37.567501068115234,38.34749984741211,37.51250076293945,114843600
38.27000045776367,38.970001220703125,38.25,122278800
38.54999923706055,39.415000915527344,38.314998626708984,119284800
39.375,39.470001220703125,38.994998931884766,135004000
39.102500915527344,39.182498931884766,38.154998779296875,121576000
38.537498474121094,38.78499984741211,37.92499923706055,92522400
38.52750015258789,38.619998931884766,37.935001373291016,101766000
38.869998931884766,39.532501220703125,38.58000183105469,134142000
38.9474983215332,39.08250045776367,38.415000915527344,104768400
39.0625,39.532501220703125,38.52750015258789,166348800
40.8125,41.537498474121094,40.057498931884766,244439200
41.52750015258789,42.25,41.13999938964844,162958400
41.7400016784668,42.244998931884766,41.48249816894531,130672400
41.852500915527344,42.915000915527344,41.81999969482422,125982000
43.21500015258789,43.77000045776367,43.087501525878906,144406400
43.662498474121094,43.89250183105469,43.212501525878906,112958400
43.099998474121094,43.48500061035156,42.584999084472656,126966800
42.247501373291016,42.665000915527344,42.10499954223633,95280000
42.76250076293945,42.8025016784668,42.3125,83973600
42.525001525878906,42.75,42.42499923706055,89134000
42.84749984741211,43.119998931884766,42.47999954223633,89960800
42.4275016784668,42.814998626708984,42.345001220703125,87342800
42.8125,42.92499923706055,42.4375,98507200
42.4275016784668,42.86000061035156,42.372501373291016,75891200
42.79750061035156,43.33000183105469,42.747501373291016,104457600
42.95000076293945,43.092498779296875,42.57500076293945,68998800
42.89500045776367,43.25,42.845001220703125,75652800
43.540000915527344,43.967498779296875,43.48749923706055,87493600
43.4275016784668,43.82500076293945,43.29249954223633,68280800
43.3025016784668,43.75,43.182498931884766,111341600
43.58000183105469,43.727500915527344,43.22999954223633,112861600
43.56999969482422,43.787498474121094,43.22249984741211,103544800
43.92250061035156,44.4375,43.49250030517578,109744800
43.98500061035156,44.0,43.6349983215332,78949600
43.66749954223633,43.872501373291016,43.48500061035156,83241600
43.467498779296875,43.61000061035156,43.005001068115234,99185600
42.58000183105469,43.26750183105469,42.375,95997600
43.872501373291016,44.779998779296875,43.837501525878906,128044000
45.0,45.66749954223633,44.842498779296875,129870400
45.5625,45.82500076293945,45.22999954223633,124130000
45.974998474121094,46.025001525878906,45.63999938964844,94318000
46.212501525878906,46.83250045776367,45.935001373291016,156171600
46.45000076293945,47.09749984741211,46.4474983215332,104879200
47.087501525878906,47.247501373291016,46.47999954223633,126585600
46.557498931884766,47.372501373291016,46.182498931884766,124140800
47.505001068115234,49.08250045776367,47.45249938964844,204136800
48.834999084472656,49.42250061035156,47.69499969482422,169630800
47.877498626708984,47.994998931884766,46.650001525878906,175381200
47.915000915527344,48.220001220703125,46.14500045776367,199202000
47.1875,47.439998626708984,46.63750076293945,119393600
47.23749923706055,47.38999938964844,46.88249969482422,83121600
47.45750045776367,47.52000045776367,47.1349983215332,94256000
47.90999984741211,47.91999816894531,47.095001220703125,111448000
47.772499084472656,48.6150016784668,47.76250076293945,91062800
48.3125,49.125,48.287498474121094,93087200
48.6974983215332,49.092498779296875,48.28499984741211,76457200
49.11249923706055,49.275001525878906,48.98249816894531,74106400
49.10499954223633,50.057498931884766,49.084999084472656,103526800
50.08000183105469,50.712501525878906,49.807498931884766,143072800
49.66999816894531,50.185001373291016,49.54499816894531,86781200
50.212501525878906,50.25,49.61000061035156,83603200
49.79999923706055,50.03499984741211,49.0525016784668,111042800
49.64500045776367,49.962501525878906,49.502498626708984,70146400
49.8650016784668,50.342498779296875,49.63999938964844,102785600
49.8849983215332,50.845001220703125,49.65250015258789,115627200
50.779998779296875,51.037498474121094,50.630001068115234,96783200
50.70750045776367,51.23500061035156,50.584999084472656,77758000
51.10749816894531,51.9375,50.974998474121094,93292000
51.84000015258789,52.119998931884766,51.76250076293945,70162400
51.70750045776367,51.939998626708984,51.279998779296875,74172800
51.224998474121094,51.25,50.529998779296875,74596400
51.099998474121094,51.49250030517578,50.96500015258789,88818800
50.76499938964844,50.849998474121094,49.77750015258789,186139600
52.470001220703125,53.82749938964844,52.307498931884766,259309200
52.459999084472656,53.162498474121094,52.032501220703125,127985200
52.72249984741211,52.959999084472656,52.557498931884766,83569600
51.0724983215332,52.209999084472656,50.875,129772400
51.470001220703125,51.85499954223633,50.20750045776367,155054800
50.474998474121094,51.334999084472656,50.4375,105358000
50.099998474121094,50.41999816894531,49.165000915527344,139634400
49.35499954223633,49.712501525878906,48.192501068115234,164834800
46.9275016784668,47.369998931884766,45.712501525878906,229722400
46.602500915527344,47.42499923706055,46.352500915527344,146118800
46.567501068115234,47.9375,46.505001068115234,106178800
47.477500915527344,48.11750030517578,47.209999084472656,132125600
46.73249816894531,47.724998474121094,46.689998626708984,131516400
45.880001068115234,46.087501525878906,45.06999969482422,154449200
46.30500030517578,47.0,46.17499923706055,113459200
46.165000915527344,46.4275016784668,45.63750076293945,118994400
44.95000076293945,45.1349983215332,44.45249938964844,146118800
45.04999923706055,45.53499984741211,44.654998779296875,94858800
44.72999954223633,45.147499084472656,44.477500915527344,111792800
44.10499954223633,44.837501525878906,44.0,113924800
44.48749923706055,44.807498931884766,44.16749954223633,84873600
44.057498931884766,44.497501373291016,43.747501373291016,108174400
43.900001525878906,44.47999954223633,42.567501068115234,161584400
43.86000061035156,44.95750045776367,43.630001068115234,123872000
46.06999969482422,46.247501373291016,45.28499984741211,119093600
45.77000045776367,46.36750030517578,45.537498474121094,90105200
46.627498626708984,47.97999954223633,46.442501068115234,122737600
47.95249938964844,48.842498779296875,47.904998779296875,104883600
48.71500015258789,49.0,48.400001525878906,107731600
48.48749923706055,48.99250030517578,48.34749984741211,73012800
48.67499923706055,49.1974983215332,48.400001525878906,86698400
47.88750076293945,48.397499084472656,47.57500076293945,75046000
48.224998474121094,48.7400016784668,48.04249954223633,58676400
49.01250076293945,50.0724983215332,48.8025016784668,106204000
49.91999816894531,49.970001220703125,49.32749938964844,84496800
50.092498779296875,50.15250015258789,49.50749969482422,86056000
49.70000076293945,50.212501525878906,49.537498474121094,191202400
49.6349983215332,50.040000915527344,49.54249954223633,72881600
49.60749816894531,49.814998626708984,48.8224983215332,84281200
49.442501068115234,50.247501373291016,49.337501525878906,104270000
50.0724983215332,50.39250183105469,49.89250183105469,83598800
49.66999816894531,49.875,49.26250076293945,124442400
50.79249954223633,51.122501373291016,50.162498474121094,109012000
50.352500915527344,50.782501220703125,50.34000015258789,67740800
50.81999969482422,51.11000061035156,50.67250061035156,45448000
50.837501525878906,51.27000045776367,50.724998474121094,69062000
50.20249938964844,50.349998474121094,49.602500915527344,101354400
49.79999923706055,50.377498626708984,49.70249938964844,82312000
50.462501525878906,50.932498931884766,50.38999938964844,71588400
50.82749938964844,51.09749984741211,50.4275016784668,80767200
50.61249923706055,51.0,50.54999923706055,70380800
51.022499084472656,51.467498779296875,51.0,67789600
51.147499084472656,51.52750015258789,50.875,67467200
51.01250076293945,51.272499084472656,50.817501068115234,56430000
51.0,51.470001220703125,50.92499923706055,74162400
51.4474983215332,51.625,50.59000015258789,83717200
50.912498474121094,51.807498931884766,50.90250015258789,89111600
52.1150016784668,52.227500915527344,51.8224983215332,73420800
51.91749954223633,52.287498474121094,51.79249954223633,59966400
52.22249984741211,52.310001373291016,51.682498931884766,55638400
51.869998931884766,52.432498931884766,51.78499984741211,70475600
52.1150016784668,52.65999984741211,52.11000061035156,86693600
52.189998626708984,52.540000915527344,51.82749938964844,135742800
54.10499954223633,55.342498779296875,52.82500076293945,277125600
53.474998474121094,54.50749969482422,51.685001373291016,216071600
51.38249969482422,51.60749816894531,50.407501220703125,163448400
49.497501373291016,49.662498474121094,48.14500045776367,209572000
49.07749938964844,49.51750183105469,48.5099983215332,143299200
48.852500915527344,49.88999938964844,48.45500183105469,133457600
50.04999923706055,50.88249969482422,49.84749984741211,108038000
50.32500076293945,50.689998626708984,49.8224983215332,98478800
49.904998779296875,50.51250076293945,49.787498474121094,89927600
50.255001068115234,53.03499984741211,50.119998931884766,188874000
50.790000915527344,51.61000061035156,50.647499084472656,146189600
50.8650016784668,51.28499984741211,49.91749954223633,108909600
51.06999969482422,51.790000915527344,50.959999084472656,110481600
52.654998779296875,53.182498931884766,52.50749969482422,97654400
52.720001220703125,53.337501525878906,52.58000183105469,107537200
53.247501373291016,53.412498474121094,52.900001525878906,86141600
53.29750061035156,53.61000061035156,52.6875,89014800
52.35749816894531,53.01250076293945,50.25,187272000
51.46500015258789,51.79750061035156,51.26499938964844,104174400
51.96500015258789,52.13750076293945,50.88249969482422,103493200
51.025001525878906,51.43000030517578,50.83000183105469,63755200
52.125,52.33000183105469,51.665000915527344,83962000
52.540000915527344,52.61249923706055,51.79999923706055,84573600
51.60749816894531,51.744998931884766,51.05500030517578,80092000
52.09749984741211,52.369998931884766,51.83000183105469,76752400
53.0,53.49250030517578,52.877498626708984,95654800
53.51250076293945,53.60499954223633,53.127498626708984,77449200
53.709999084472656,54.11000061035156,52.76750183105469,109237600
53.46500015258789,54.19499969482422,52.9275016784668,127111600
54.51750183105469,55.9275016784668,54.432498931884766,177158400
56.20000076293945,56.60499954223633,55.71500015258789,128906800
55.0,55.1974983215332,54.255001068115234,159053200
54.432498931884766,55.032501220703125,54.38999938964844,84632400
54.9900016784668,55.20500183105469,54.779998779296875,73274800
55.26499938964844,55.712501525878906,54.86000061035156,101360000
55.502498626708984,55.939998626708984,55.092498779296875,88242400
55.345001220703125,55.63999938964844,54.36750030517578,221652400
54.73749923706055,54.959999084472656,54.412498474121094,76662000
55.25749969482422,55.622501373291016,54.29750061035156,124763200
54.63750076293945,55.375,54.28499984741211,87613600
55.0,55.23500061035156,54.70750045776367,75334000
55.1349983215332,55.2400016784668,54.31999969482422,101408000
55.224998474121094,56.14500045776367,55.1974983215332,103909600
56.26750183105469,57.05500030517578,56.04999923706055,139223200
55.76499938964844,55.89500045776367,54.48249816894531,138449200
54.60749816894531,55.2400016784668,53.782501220703125,114426000
56.40999984741211,56.872501373291016,55.97249984741211,138478800
56.567501068115234,57.48249816894531,56.459999084472656,122306000
56.45500183105469,57.01499938964844,56.08250045776367,111820000
56.75749969482422,56.9474983215332,56.40999984741211,74770400
56.98249816894531,57.61000061035156,56.82500076293945,113013600
58.23749923706055,59.40999984741211,58.07749938964844,166795600
58.724998474121094,59.532501220703125,58.66749954223633,96427600
59.09749984741211,59.412498474121094,58.720001220703125,87360000
58.342498779296875,58.810001373291016,58.29999923706055,73903200
58.772499084472656,59.037498474121094,58.380001068115234,67585200
58.647499084472656,59.39500045776367,58.5724983215332,97433600
59.380001068115234,60.247501373291016,59.33000183105469,87247200
60.290000915527344,60.54999923706055,59.904998779296875,82293600
60.525001525878906,60.810001373291016,60.30500030517578,75828800
61.127498626708984,61.20000076293945,60.45249938964844,69275200
60.790000915527344,61.682498931884766,60.720001220703125,73477200
61.85499954223633,62.3125,61.68000030517578,96572800
62.24250030517578,62.4375,60.64250183105469,142839600
61.189998626708984,61.32500076293945,60.3025016784668,124522000
61.810001373291016,62.29249954223633,59.314998626708984,139162000
62.3849983215332,63.98249816894531,62.290000915527344,151125200
64.3324966430664,64.4625015258789,63.845001220703125,103272000
64.26249694824219,64.54750061035156,64.08000183105469,79897600
64.19249725341797,64.37249755859375,63.842498779296875,75864400
64.68499755859375,65.0875015258789,64.52749633789062,94940400
64.67250061035156,65.11000061035156,64.2125015258789,69986400
64.57499694824219,65.61750030517578,64.56999969482422,81821200
65.38749694824219,65.69750213623047,65.2300033569336,87388800
65.28250122070312,66.19499969482422,65.26750183105469,102734400
65.9375,66.22000122070312,65.5250015258789,89182800
65.91999816894531,66.44499969482422,65.75250244140625,100206400
66.44999694824219,66.85749816894531,66.05750274658203,86703200
66.9749984741211,67.0,66.34750366210938,76167200
66.38500213623047,66.5199966430664,65.0999984741211,106234400
65.92250061035156,66.00250244140625,65.29499816894531,121395200
65.64749908447266,65.79499816894531,65.20999908447266,65325200
65.67749786376953,66.61000061035156,65.62999725341797,84020400
66.73500061035156,66.79000091552734,65.625,105207600
66.3949966430664,66.99500274658203,66.32749938964844,65235600
66.6500015258789,67.0,66.4749984741211,46617600
66.81749725341797,67.0625,65.86250305175781,94487200
64.57749938964844,64.88249969482422,64.07250213623047,114430400
65.26750183105469,65.82749938964844,65.16999816894531,67181600
65.94750213623047,66.47250366210938,65.68250274658203,74424400
66.87000274658203,67.75,66.82499694824219,106075600
67.5,67.69999694824219,66.22750091552734,128042400
67.1500015258789,67.51750183105469,66.46499633789062,90420400
67.20249938964844,67.7750015258789,67.125,78756800
66.94499969482422,68.13999938964844,66.83000183105469,137310400
67.86499786376953,68.82499694824219,67.73249816894531,133587600
69.25,70.19750213623047,69.24500274658203,128186000
69.89250183105469,70.44249725341797,69.69999694824219,114158400
69.94999694824219,70.4749984741211,69.77999877929688,116028400
69.875,70.29499816894531,69.73750305175781,98369200
70.55750274658203,70.6624984741211,69.63999938964844,275978000
70.13249969482422,71.0625,70.09249877929688,98572000
71.17250061035156,71.22250366210938,70.7300033569336,48478800
71.20500183105469,72.49500274658203,71.17500305175781,93121200
72.77999877929688,73.49250030517578,72.02999877929688,146266000
72.36499786376953,73.17250061035156,71.30500030517578,144114400
72.48249816894531,73.41999816894531,72.37999725341797,100805600
74.05999755859375,75.1500015258789,73.79750061035156,135480400
74.2874984741211,75.1449966430664,74.125,146322800
73.44750213623047,74.98999786376953,73.1875,118387200
74.95999908447266,75.2249984741211,74.37000274658203,108872000
74.29000091552734,76.11000061035156,74.29000091552734,132079200
76.80999755859375,77.60749816894531,76.55000305175781,170108400
77.6500015258789,78.1675033569336,77.0625,140644800
77.91000366210938,79.26750183105469,77.7874984741211,121532000
79.17500305175781,79.39250183105469,78.0425033569336,161954400
77.9625015258789,78.875,77.38749694824219,121923600
78.39749908447266,78.92500305175781,78.02249908447266,108829200
79.06749725341797,79.68499755859375,78.75,137816400
79.29750061035156,79.75499725341797,79.0,110843200
79.6449966430664,79.99749755859375,79.32749938964844,101832400
79.4800033569336,79.88999938964844,78.9124984741211,104472000
80.0625,80.8324966430664,79.37999725341797,146537600
77.51499938964844,77.94249725341797,76.22000122070312,161940000
78.1500015258789,79.5999984741211,78.04750061035156,162234000
81.11250305175781,81.9625015258789,80.34500122070312,216229200
80.13500213623047,81.02249908447266,79.6875,126743200
80.23249816894531,80.66999816894531,77.07250213623047,199588400
76.07499694824219,78.37249755859375,75.55500030517578,173788400
78.82749938964844,79.91000366210938,78.40750122070312,136616400
80.87999725341797,81.19000244140625,79.73750305175781,118826800
80.64250183105469,81.30500030517578,80.06500244140625,105425600
80.59249877929688,80.8499984741211,79.5,117684000
78.54499816894531,80.38749694824219,78.4625015258789,109348800
80.9000015258789,80.9749984741211,79.67749786376953,94323200
80.36750030517578,81.80500030517578,80.36750030517578,113730400
81.04750061035156,81.55500030517578,80.8375015258789,94747600
81.18499755859375,81.49500274658203,80.7125015258789,80113600
78.83999633789062,79.9375,78.65249633789062,152531200
80.0,81.14250183105469,80.0,93984000
80.65750122070312,81.1624984741211,79.55249786376953,100566000
79.65499877929688,80.11250305175781,77.625,129554000
74.31500244140625,76.04499816894531,72.30750274658203,222195200
75.23750305175781,75.63249969482422,71.53250122070312,230673600
71.63249969482422,74.47000122070312,71.625,198054800
70.2750015258789,71.5,68.23999786376953,320605600
64.31500244140625,69.60250091552734,64.09249877929688,426510000
70.56999969482422,75.36000061035156,69.43000030517578,341397200
75.9175033569336,76.0,71.44999694824219,319475600
74.11000061035156,75.8499984741211,73.28250122070312,219178400
73.87999725341797,74.88749694824219,72.85250091552734,187572800
70.5,72.70500183105469,70.30750274658203,226176800
65.9375,69.52249908447266,65.75,286744800
69.28500366210938,71.61000061035156,67.34249877929688,285290000
69.34750366210938,70.30500030517578,67.96499633789062,255598800
63.98500061035156,67.5,62.0,418474000
66.22250366210938,69.9800033569336,63.23749923706055,370732000
60.48749923706055,64.7699966430664,60.0,322423600
61.877498626708984,64.40249633789062,59.599998474121094,324056000
59.942501068115234,62.5,59.279998779296875,300233600
61.84749984741211,63.209999084472656,60.65250015258789,271857200
61.79499816894531,62.95750045776367,57.0,401693200
57.02000045776367,57.125,53.15250015258789,336752800
59.09000015258789,61.92250061035156,58.57500076293945,287531200
62.6875,64.5625,61.07500076293945,303602000
61.630001068115234,64.66999816894531,61.59000015258789,252087200
63.1875,63.967498779296875,61.76250076293945,204216800
62.685001373291016,63.880001068115234,62.349998474121094,167976400
63.900001525878906,65.62249755859375,63.0,197002000
61.625,62.18000030517578,59.782501220703125,176218400
60.084999084472656,61.287498474121094,59.224998474121094,165934000
60.70000076293945,61.42499923706055,59.74250030517578,129880000
62.724998474121094,65.77749633789062,62.345001220703125,201820400
67.69999694824219,67.92500305175781,64.75,202887200
65.68499755859375,66.84249877929688,65.30750274658203,168895200
67.17500305175781,67.51750183105469,66.17500305175781,161834800
67.07749938964844,68.42500305175781,66.4574966430664,131022800
70.0,72.0625,69.51249694824219,194994800
70.5999984741211,71.5824966430664,70.15750122070312,131154400
71.84500122070312,72.05000305175781,70.5875015258789,157125200
71.17250061035156,71.73750305175781,69.21499633789062,215250000
69.48750305175781,70.41999816894531,69.2125015258789,130015200
69.06999969482422,69.3125,66.35749816894531,180991600
68.40249633789062,69.4749984741211,68.05000305175781,116862400
68.96749877929688,70.4375,68.71749877929688,124814400
69.30000305175781,70.75250244140625,69.25,126161200
70.44999694824219,71.13500213623047,69.98750305175781,117087600
71.2699966430664,71.4574966430664,69.55000305175781,112004800
71.18250274658203,72.4175033569336,70.97250366210938,137280800
72.48999786376953,73.63249969482422,72.0875015258789,183064000
71.5625,74.75,71.4625015258789,240616800
72.2925033569336,73.42250061035156,71.58000183105469,133568000
73.76499938964844,75.25,73.61499786376953,147751200
75.11499786376953,75.80999755859375,74.71749877929688,142333600
75.80500030517578,76.2925033569336,75.49250030517578,115215200
76.41000366210938,77.5875015258789,76.07250213623047,133838400
77.0250015258789,79.26249694824219,76.80999755859375,145946400
79.4574966430664,79.92250061035156,77.72750091552734,162301200
78.0374984741211,78.98750305175781,75.80249786376953,200622400
76.12750244140625,77.44750213623047,75.38249969482422,158929200
75.0875015258789,76.9749984741211,75.05249786376953,166348400
78.2925033569336,79.125,77.58000183105469,135178400
78.75749969482422,79.62999725341797,78.25250244140625,101729600
79.16999816894531,79.87999725341797,79.12999725341797,111504800
79.66500091552734,80.22250366210938,78.96749877929688,102688800
78.94249725341797,79.80750274658203,78.8375015258789,81803200
80.875,81.05999755859375,79.125,125522000
79.03500366210938,79.67749786376953,78.27249908447266,112945200
79.19249725341797,80.86000061035156,78.90750122070312,133560800
79.8125,80.2874984741211,79.11750030517578,153532400
79.4375,80.5875015258789,79.30249786376953,80791200
80.1875,80.86000061035156,79.73249816894531,87642800
81.16500091552734,81.55000305175781,80.57499694824219,104491200
81.09750366210938,81.40499877929688,80.19499969482422,87560400
80.8375015258789,82.9375,80.80750274658203,137250400
82.5625,83.4000015258789,81.83000183105469,95654400
83.03500366210938,86.40249633789062,83.00250244140625,147712400
86.9749984741211,88.69249725341797,86.52249908447266,166651600
87.32749938964844,87.76499938964844,83.87000274658203,201662400
86.18000030517578,86.94999694824219,83.55500030517578,200146000
83.3125,86.41999816894531,83.1449966430664,138808800
87.86499786376953,88.30000305175781,86.18000030517578,165428800
88.7874984741211,88.8499984741211,87.77249908447266,114406400
87.85250091552734,88.36250305175781,87.30500030517578,96820400
88.66000366210938,89.13999938964844,86.2874984741211,264476000
87.83499908447266,89.86499786376953,87.7874984741211,135445200
91.0,93.09500122070312,90.56749725341797,212155600
91.25,92.19750213623047,89.62999725341797,192623200
90.17500305175781,91.25,89.39250183105469,137522400
91.10250091552734,91.33000183105469,88.25499725341797,205256800
88.3125,90.5425033569336,87.81999969482422,130646000
90.0199966430664,91.49500274658203,90.0,140223200
91.27999877929688,91.83999633789062,90.97750091552734,110737200
91.9625015258789,92.61750030517578,90.91000366210938,114041600
92.5,93.94499969482422,92.46749877929688,118655600
93.85250091552734,94.65499877929688,93.05750274658203,112424400
94.18000030517578,95.375,94.08999633789062,117092000
96.26249694824219,96.31749725341797,94.67250061035156,125642800
95.33499908447266,95.9800033569336,94.70500183105469,90257200
97.26499938964844,99.95500183105469,95.25749969482422,191649200
94.83999633789062,97.25499725341797,93.87750244140625,170989200
98.98999786376953,99.24749755859375,96.48999786376953,153198000
96.5625,97.40499877929688,95.90499877929688,110577600
96.98750305175781,97.14749908447266,95.83999633789062,92186800
96.4175033569336,98.5,96.0625,90318000
99.17250061035156,99.25,96.74250030517578,103433200
96.69249725341797,97.9749984741211,96.60250091552734,89001600
96.99749755859375,97.07749938964844,92.01000213623047,197004400
90.98750305175781,92.97000122070312,89.1449966430664,185438800
93.70999908447266,94.90499877929688,93.4800033569336,121214000
94.36750030517578,94.55000305175781,93.24749755859375,103625600
93.75,95.2300033569336,93.7125015258789,90329200
94.1875,96.29750061035156,93.76750183105469,158130000
102.88500213623047,106.41500091552734,100.82499694824219,374336800
108.19999694824219,111.63749694824219,107.89250183105469,308151200
109.13249969482422,110.79000091552734,108.38749694824219,173071600
109.37750244140625,110.39250183105469,108.89749908447266,121776800
110.40499877929688,114.4124984741211,109.79750061035156,202428800
113.20500183105469,113.67500305175781,110.2925033569336,198045600
112.5999984741211,113.7750015258789,110.0,212403600
111.97000122070312,112.48249816894531,109.10749816894531,187902400
110.49749755859375,113.2750015258789,110.29750061035156,165598000
114.43000030517578,116.0425033569336,113.92749786376953,210082000
114.83000183105469,115.0,113.04499816894531,165565200
116.0625,116.0875015258789,113.9625015258789,119561600
114.35250091552734,116.0,114.00749969482422,105633600
115.98249816894531,117.1624984741211,115.61000061035156,145538000
115.75,118.39250183105469,115.73249816894531,126907200
119.26249694824219,124.86750030517578,119.25,338054800
128.69749450683594,128.78500366210938,123.9375,345937600
124.69750213623047,125.18000030517578,123.05249786376953,211495600
126.18000030517578,126.99250030517578,125.0824966430664,163022400
127.14250183105469,127.48500061035156,123.8324966430664,155552400
126.01249694824219,126.44249725341797,124.57749938964844,187630000
127.58000183105469,131.0,126.0,225702700
132.75999450683594,134.8000030517578,130.52999877929688,151948100
137.58999633789062,137.97999572753906,127.0,200119000
126.91000366210938,128.83999633789062,120.5,257599600
120.06999969482422,123.69999694824219,110.88999938964844,332607200
113.94999694824219,118.98999786376953,112.68000030517578,231366600
117.26000213623047,119.13999938964844,115.26000213623047,176940500
120.36000061035156,120.5,112.5,182274400
114.56999969482422,115.2300033569336,110.0,180860300
114.72000122070312,115.93000030517578,112.80000305175781,140150100
118.33000183105469,118.83000183105469,113.61000061035156,184642000
115.2300033569336,116.0,112.04000091552734,154679000
109.72000122070312,112.19999694824219,108.70999908447266,178011000
110.4000015258789,110.87999725341797,106.08999633789062,287104900
104.54000091552734,110.19000244140625,103.0999984741211,195713800
112.68000030517578,112.86000061035156,109.16000366210938,183055400
111.62000274658203,112.11000061035156,106.7699966430664,150718700
105.16999816894531,110.25,105.0,167743300
108.43000030517578,112.44000244140625,107.66999816894531,149981400
115.01000213623047,115.31999969482422,112.77999877929688,137672400
114.55000305175781,115.30999755859375,113.56999969482422,99382200
113.79000091552734,117.26000213623047,113.62000274658203,142675200
117.63999938964844,117.72000122070312,115.83000183105469,116120400
112.88999938964844,115.37000274658203,112.22000122070312,144712000
113.91000366210938,116.6500015258789,113.55000305175781,106243800
115.69999694824219,116.12000274658203,112.25,161498200
114.62000274658203,115.55000305175781,114.12999725341797,96849000
116.25,116.4000015258789,114.58999633789062,83477200
115.27999877929688,117.0,114.91999816894531,100506900
120.05999755859375,125.18000030517578,119.27999877929688,240226800
125.2699966430664,125.38999938964844,119.6500015258789,262330500
121.0,123.02999877929688,119.62000274658203,150712000
118.72000122070312,121.19999694824219,118.1500015258789,112559200
121.27999877929688,121.55000305175781,118.80999755859375,115393800
119.95999908447266,120.41999816894531,115.66000366210938,120639300
116.19999694824219,118.9800033569336,115.62999725341797,124423700
116.66999816894531,118.70999908447266,116.44999694824219,89946000
117.44999694824219,118.04000091552734,114.58999633789062,101988000
116.38999938964844,116.55000305175781,114.27999877929688,82572600
114.01000213623047,116.55000305175781,112.87999725341797,111850700
115.48999786376953,117.27999877929688,114.54000091552734,92276800
115.05000305175781,115.43000030517578,111.0999984741211,143937800
112.37000274658203,116.93000030517578,112.19999694824219,146129200
111.05999755859375,111.98999786376953,107.72000122070312,190272600
109.11000061035156,110.68000030517578,107.31999969482422,122866900
109.66000366210938,111.48999786376953,108.7300033569336,107624400
114.13999938964844,115.58999633789062,112.3499984741211,138235500
117.94999694824219,119.62000274658203,116.87000274658203,126387100
118.31999969482422,119.19999694824219,116.12999725341797,114457900
120.5,121.98999786376953,116.05000305175781,154515300
115.55000305175781,117.58999633789062,114.12999725341797,138023400
117.19000244140625,119.62999725341797,116.44000244140625,112295000
119.62000274658203,120.52999877929688,118.56999969482422,103162300
119.44000244140625,119.66999816894531,117.87000274658203,81581900
118.91999816894531,120.98999786376953,118.1500015258789,91183000
119.55000305175781,120.66999816894531,118.95999908447266,74271000
118.61000061035156,119.81999969482422,118.0,76322100
117.58999633789062,119.05999755859375,116.80999755859375,74113000
118.63999938964844,118.7699966430664,117.29000091552734,73604300
117.18000030517578,117.62000274658203,113.75,127959300
113.91000366210938,115.8499984741211,112.58999633789062,113874200
115.55000305175781,116.75,115.16999816894531,76499200
116.56999969482422,117.48999786376953,116.22000122070312,46691300
116.97000122070312,120.97000122070312,116.80999755859375,169410200
121.01000213623047,123.47000122070312,120.01000213623047,127728200
122.0199966430664,123.37000274658203,120.88999938964844,89004200
123.5199966430664,123.77999877929688,122.20999908447266,78967600
122.5999984741211,122.86000061035156,121.5199966430664,78260400
122.30999755859375,124.56999969482422,122.25,86712000
124.37000274658203,124.9800033569336,123.08999633789062,82225500
124.52999877929688,125.94999694824219,121.0,115089200
120.5,123.87000274658203,120.1500015258789,81312200
