7.922674209365034415e+01
8.939421460795240648e+01
4.004409255980399962e+01
4.543898346267516786e+01
5.252841469238039451e+01
4.740158586209801683e+01
1.218889316185319984e+02
5.524298867894587772e+01
5.484739908035552958e+01
4.189398238023805021e+01
4.988662309610072043e+01
3.823867404587323904e+01
6.771888208925120978e+01
3.838196492696026496e+01
6.978155808402200933e+01
5.498362521543801051e+01
8.520158139515467610e+01
5.098535071281592934e+01
4.421061786404371219e+01
3.832214967132230043e+01
1.153715228328946978e+02
4.460117318741002634e+01
1.161430801331798364e+02
7.856179634402219847e+01
1.291819766781733279e+02
4.269038375651212647e+01
5.527809889665739718e+01
1.144588496498324588e+02
8.086539721419076443e+01
6.358319486673362064e+01
4.597511734677006956e+01
7.994302192827164788e+01
3.716823662345642987e+01
5.688532190342894523e+01
6.692177904322967663e+01
4.678075274979737230e+01
4.873072642761452045e+01
4.056220013528790957e+01
7.958404942799430160e+01
4.618052264695221254e+01
6.123121341359065894e+01
5.104036712659359409e+01
7.661522902074305819e+01
3.698779192472719757e+01
4.827113490697566078e+01
7.529634957362138437e+01
4.044650726998460755e+01
8.030118173052831310e+01
3.737130283440804135e+01
4.970603934822441516e+01
7.388842453454854819e+01
4.261685379347956371e+01
3.836635401413119695e+01
3.711857001460663241e+01
9.734369526296792685e+01
5.035098250176142187e+01
7.040443806777625468e+01
5.086801746910285260e+01
4.296282420100699539e+01
1.143673089869539439e+02
4.549681883715849295e+01
4.895245960552836806e+01
4.336755865554992795e+01
4.078358255919359721e+01
4.364549694250032985e+01
4.180681332834646469e+01
9.228897268256768882e+01
3.945070793878876003e+01
5.612897132102142450e+01
6.670657035510876653e+01
4.176495414821760477e+01
1.160055238980452970e+02
4.639613734982673066e+01
4.949400039257292860e+01
5.500680852642242513e+01
1.158601623049336382e+02
5.455332187145057787e+01
4.774760197098498793e+01
6.596525011568665775e+01
4.374842349469442127e+01
6.364683798328780995e+01
3.832097382091279059e+01
5.194449214482565935e+01
3.818471048206050256e+01
9.497623505839415259e+01
3.957963491358795238e+01
3.593754350268479669e+01
4.010825305816084096e+01
4.671328189039468270e+01
4.989523400651147256e+01
4.257283987302602668e+01
4.211510200893458489e+01
7.486536113987575902e+01
4.352242802452266091e+01
6.439688466047506665e+01
3.611956156259370232e+01
1.125310141405373940e+02
1.169599636251837609e+02
3.816340093812043222e+01
3.891672019478808409e+01
3.635600997228515041e+01
3.762331739606912606e+01
7.867586929363358195e+01
6.545417017565402773e+01
6.995889740522869715e+01
6.777632304834823174e+01
5.593077436638616717e+01
7.950851395026623436e+01
1.104363951330168163e+02
1.149307840328713723e+02
4.309782333380702823e+01
4.566624478084858652e+01
1.202762951030628358e+02
4.695357736262253212e+01
5.901560296637238423e+01
9.139135883763107415e+01
4.761657995566650214e+01
1.150325833353726921e+02
6.401972592461763156e+01
1.086151498690915247e+02
7.303268057166458505e+01
6.993736231895816502e+01
5.932205430778676458e+01
3.862718716467310287e+01
7.932196993929007078e+01
8.147421337221504700e+01
7.061447340960907582e+01
4.224476993582861439e+01
7.685159770097607179e+01
4.557445911411436157e+01
4.022409511304988428e+01
7.084993597937985044e+01
5.461160347674700688e+01
4.253131802364104885e+01
5.234710818286139045e+01
3.907206662575222111e+01
3.902645342112073479e+01
4.637783979385355337e+01
6.756145665730616656e+01
4.333558913917406130e+01
1.196411226393517637e+02
4.570363500789165556e+01
8.489438661108404460e+01
5.108065757661650252e+01
1.236874450273164712e+02
1.185977509030528410e+02
3.653244928656276613e+01
5.225702977969919516e+01
5.555397255597249284e+01
5.110062421241090647e+01
1.236899036222797861e+02
3.813011593824852241e+01
5.365451727539999638e+01
4.328630706199847111e+01
1.222487909051879313e+02
4.018525410748175375e+01
8.024239336963670155e+01
4.694814665786149277e+01
4.616632778346135524e+01
4.007248205724671664e+01
4.476303655370919898e+01
4.269495069154351086e+01
4.829010563377016751e+01
7.220390317655700585e+01
4.002122155842776152e+01
5.310036677496839275e+01
5.639097527119233177e+01
3.867309978000376702e+01
7.718521074964046136e+01
4.878556443305374302e+01
3.584518665140933535e+01
5.719688852329210249e+01
4.574599626304772926e+01
3.674456334458558615e+01
1.258596129895792899e+02
4.355553523170087260e+01
9.361143809317964326e+01
3.914032393066232629e+01
4.369024210702841771e+01
4.979667909825064953e+01
9.531542154986075843e+01
8.101821090194634678e+01
1.097178562432031583e+02
5.469913752751170932e+01
5.669854294243225468e+01
5.130636160612431240e+01
5.068108368797541630e+01
3.925899632434975217e+01
5.492403447943468109e+01
5.006683709177225694e+01
4.314502133443676257e+01
4.043819590824500665e+01
6.059017504367814411e+01
4.360427126043492052e+01
6.148952108186390575e+01
3.844266707044532438e+01
3.608814340181999114e+01
3.923980677468261291e+01
4.698110370248443957e+01
4.261677029132334837e+01
1.106237249727610390e+02
5.811957563309425012e+01
3.882978617052323500e+01
8.578329182759590310e+01
4.416227755840156277e+01
8.023290120265723147e+01
4.809057680869484841e+01
5.554697180422859049e+01
5.177688088247148812e+01
9.784058365022316650e+01
4.310701440944670537e+01
3.839885411651969349e+01
4.302687945702761851e+01
3.678315885549390174e+01
6.541315478236349179e+01
4.372254393460397637e+01
4.075810631495289016e+01
4.346593597560595867e+01
4.845184814880002477e+01
5.664434149419948028e+01
4.384006683695464801e+01
7.705970870754855184e+01
6.630245362101108242e+01
7.466718878615553479e+01
6.970847342375544997e+01
5.524427368863840115e+01
7.405482462363113427e+01
3.623820767457726788e+01
5.001083406116030972e+01
8.692427041233817420e+01
4.023863234167342284e+01
3.989936024864331898e+01
