1.359317231842203322e+00 8.418123465744448142e-01 3.465176227129715403e-02 -1.201340112955481265e-01 -1.341804009986499402e+00 -3.586460411961444050e-01 -2.125147579693034416e-01 -8.766893757505987983e-01 1.368812969970746307e+00 2.830659824429997834e-02
1.711790499566609558e+00 6.471235409949247508e-01 4.696366603307171039e-01 1.026821898536999678e+00 1.962803331417108499e+00 6.448284769981923681e+00 6.803123521060103762e-01 3.873976966265818001e-01 5.941482700345782630e-01 2.899903728678924208e-01
1.965333878853517957e-01 -5.400863785015599383e-01 1.212409703527848048e+00 -4.269814604192357921e-01 2.374703036839814763e-01 -6.579377597418765156e-01 -4.054292261589987900e-01 6.116181449604998210e-01 -3.865985821878386020e-01 1.248328059998607298e+00
-2.389406294298020150e-01 -2.068700750974278024e-01 -3.702548086326026833e-01 -2.199426105832830713e-01 2.071677313874730419e+00 3.736247476722434069e+00 -4.424778761061947119e-01 -1.013166862563997933e-01 -3.342013592593466864e-01 -2.577285619111878145e-01
1.000925105710782359e-01 8.680518488469467497e-01 4.624361622013449802e-01 3.350746064482877373e-01 1.758023485725308754e+00 2.769937021349594630e+00 -2.666666666666666578e-03 -4.998458535034586148e-01 8.869656267087738799e-01 1.508487761213115785e+00
-2.071232751306577025e-01 1.091771161095704823e+00 -3.224958824733738516e-01 -3.848287376227911838e-01 1.164735979848860598e-01 3.836223687567187346e-01 6.989816024723621846e-01 -8.008780885576306796e-02 7.826775846548306159e-01 4.884701928202754839e-01
1.631834210833827514e+00 0.000000000000000000e+00 3.638399104394066663e-01 -4.366171556845060281e-02 -5.817274561380086223e-02 3.360543506210980524e+00 -5.311166691187289013e-01 -2.915224666314067403e-02 -4.893607281624002270e-01 2.601704020021337049e-01
9.506655410981514065e-02 -1.905773368843145105e-02 -2.113797580870050152e-01 -4.590414213708320368e-01 -5.141127152238287312e-01 1.438387071559740882e+00 1.020574183910426119e-01 2.769714950911073559e-01 2.619229679111127473e-01 -3.482721641097115683e-01
1.984034497629028726e+00 8.196678396937150390e-01 4.446658599645989973e+00 1.341826370393399248e+00 1.301676205393779595e+00 1.338036975247033578e+00 3.723514288247288806e-01 1.061194530925332780e+00 8.476815459852716783e-01 -6.851973531494401359e-02
-3.794828317440494120e-02 1.827746570042093344e-01 5.511803411386949347e-02 -5.746883397838649099e-01 1.491952583856701320e-01 -1.299567648776639439e-01 -2.149271308700132499e-01 7.192614236525508853e-02 1.215879271972825082e-01 -5.485965168358861166e-02
5.935132136485398169e-01 -8.618585292605217552e-01 -1.225266530185732394e+00 -1.102141790401209853e+00 -1.773187089466361721e+00 -3.643285107018137570e+00 -5.015932963531216648e-02 -3.665333542281727364e-01 -8.236958464655950163e-01 -3.087457620872641750e-01
7.306548309154216048e-01 6.980177226205962204e-02 5.143517829110288986e-02 -2.388175787232398387e-02 4.109370005585160079e-01 8.753290371766935252e-01 2.479704797047970199e-01 5.554273869663112206e-01 3.726351740796045309e-02 3.922863409897167641e-01
2.281631992607190629e+00 1.851615869024822114e+00 2.715064338541919309e+00 2.186819279087132362e+00 2.207063960680572201e+00 2.851817436557735785e+00 7.865367060278571909e-01 1.212340398422981025e+00 1.713678193346322987e+00 6.855837859957639169e-02
-9.722035519879405063e-01 -1.245174984933109075e+00 -1.213905034428405916e+00 -5.231342533468150702e-01 -5.291260448139101236e-01 2.963319114588800485e+00 -9.074945728552186175e-01 -1.949110547436785135e+00 -7.953061178867629755e-01 -1.157773807818914147e+00
7.968245219206774310e-01 2.584817013810060682e-01 1.488558996452677530e+00 2.665406203501443194e+00 1.883360314877878805e+00 1.925465940128169295e+00 3.110672111571405329e-01 -7.951468357920861429e-02 -2.162466502693707326e-01 -1.247523407985207389e-01
-4.703046037163041704e-01 -9.117757400316056637e-01 2.091556198255971610e-01 -1.931645308736636424e-01 2.163647421788660319e-01 3.880052547763974236e+00 -3.847623526645307379e-01 -1.700058538205092340e+00 -2.642845782270414889e-01 6.106797964958367020e-01
1.608628827148953278e+00 1.592838226723060302e+00 -7.808656515329975845e-01 7.117756890282140869e-01 1.013800660311821922e+00 4.920484712014173923e+00 8.468549812482110972e-02 7.800982635435784740e-01 1.711800140837917761e+00 -1.378742879082460286e-02
2.124081397654538073e+00 1.249297298863535133e+00 4.799271799026234575e-01 1.049792147549175825e+00 1.431094607185796397e+00 -2.194501190009731761e+00 1.201398634385650421e+00 3.651234052036325117e-01 6.929980428010945603e-01 2.966284877662853647e-01
2.260703673463594632e-01 -4.627059145812799645e-01 -9.410596348826030244e-01 6.458646435535624342e-01 -1.099429637237148566e-01 -6.627337258982952672e-01 -8.966885449349333292e-01 -9.967950326336464384e-01 2.690837114933700147e-01 -2.269769808377777587e-01
2.136437073337284609e+00 1.202431192165982043e+00 4.322529419005711748e-01 7.746940895469347499e-01 1.765571928194262341e+00 9.768904252811159594e+00 7.848670576304068724e-01 8.304472427424596237e-01 8.050769077757927716e-01 4.411963328414671981e-01
-1.350327768387597160e+00 -7.043078791535296590e-01 -1.155824398958791299e+00 -6.555462930986105663e-01 -1.284307177000987510e+00 2.488282121595565055e+00 -6.267955841390675520e-01 1.166185232583654585e+00 3.686075943038542024e-01 5.628053132424194471e-01
-4.285519922216676214e-01 6.476208976417910934e-01 -3.969061380714112297e-01 6.018485769698140864e-01 9.540748476141093226e-01 -3.610204769080755494e+00 5.412290948794562517e-01 -1.498560364065024908e+00 1.912777322941427549e+00 3.344186596281008561e-01
1.252647890524092977e+00 1.832335842240683688e+00 8.549812412332560285e-01 7.615399791313364197e-01 2.803574013512187824e-01 -9.662477636014745741e-01 5.707196029776675505e-01 3.876527022855371096e-01 5.755725119716196270e-01 8.094704345770962206e-01
1.107099625703693357e+00 5.596725912127482605e-01 -7.039613148238139662e-01 2.024603123762859003e+00 1.668373134596387863e-01 -5.822894156913926977e-01 1.349762703008664522e-01 6.921653539105190323e-01 1.866135883030578535e+00 6.545217548431468968e-01
-6.776907061324790593e-01 -3.590700667861923545e-01 1.462955817789015844e+00 1.845179810148785959e-01 -3.151152202059503415e-01 7.189034355515293129e+00 -6.725222483114473571e-01 -9.840815053425084891e-01 1.265264473133088652e+00 6.704170057196165433e-02
3.569526034268915571e-01 -4.804823133680555802e-01 -2.399597813160676552e-01 1.092929746795412438e-01 -5.418854582032942013e-02 4.086257330325448578e+00 5.982781263680139183e-01 -1.169275550945556574e-01 2.942740267782960606e-01 -6.833283601969586396e-01
4.815859995308534591e-01 6.155728975538512504e-01 -1.525862769232998184e-01 5.525728613427117325e-02 -7.048675066676191037e-01 4.635155787340879407e-01 -8.297069915868872381e-02 -1.024285902476818055e-01 -6.637756924180330254e-01 1.888693283621416530e-01
-2.881976618964490200e-01 -1.007682295027293229e+00 -1.217244263505491642e+00 -1.247391589613388030e+00 -8.281726023491842170e-01 -1.289763651442544790e+00 -1.223817847125842739e+00 -2.482788601391216154e+00 -7.360082515084603871e-01 -1.413798268389907520e-01
-2.940525092944822116e+00 -1.672318601013807138e+00 -1.788748016055809131e+00 -2.348981526309720458e+00 -1.408647925955736291e+00 -1.203923947299336605e+00 -1.933574172763588228e+00 -8.411529617179139828e-01 -1.614632955411585469e+00 2.899087476723969381e-01
2.828933448469399536e+00 1.959580945582313438e+00 1.362439953475022003e+00 1.311002758013398273e+00 1.358960411086145736e+00 1.591341740269571980e+00 7.130846079833104145e-01 1.817764082915911406e+00 5.751418751885691849e-01 5.042016806722688926e-01
2.093233606780207090e+00 1.559281075533400562e+00 2.563064886011061638e-01 4.274354479058945500e-01 2.497820197945994192e+00 2.485447928842738907e+00 1.416666666666666630e-01 -1.487740527700100734e-01 9.908772227545434852e-01 6.956476830319815452e-01
-1.449100407010819325e-01 2.820760344290743848e+00 6.824571426769375782e-01 -1.681850246445111552e-01 -6.137166693746467061e+00 1.029622258360699760e+01 1.641721846431840826e+00 1.236686072373019751e+00 1.635266080999098204e+00 -1.195646896563467843e-01
-4.433873334381146947e+00 -1.475867038878208026e+00 7.379130210874521367e+00 -1.476360371540312855e+00 -3.636708424369261561e+00 1.523069092684146364e+00 -1.755555555555555758e+00 -2.597688420893301320e+00 -4.437829688878569989e+00 -9.909586905531595491e-01
-2.746296005609925595e-01 2.437883604200823839e+00 -2.250198931246662759e-01 3.477152477726202395e+00 1.129215362262281808e+00 1.989486289148626597e+01 -3.380992630864653181e-01 7.630662603343538741e-01 9.247606808071782147e-01 8.732471917759356828e-01
3.301367951955726188e+00 3.291656195463700030e+00 2.268734248623160976e+00 -2.508427223705584019e+00 2.762132975274768754e+00 1.372564266889523310e+01 7.647972286925879271e-01 1.439602788661930921e+00 1.369453729114052720e+00 9.522594073428135575e-01
8.154323518098114398e-01 -1.221414760532224253e-01 -4.781221919306748447e-01 4.427910650286352723e-02 1.334407743666308210e-01 -1.717583910996533447e+01 1.539323278634110004e+00 1.700054080787334998e+00 -3.684417414988994111e-01 1.576516684317609274e+00
1.169693297639461393e+00 2.073380273972881493e+00 5.078747849794875702e-01 2.069079275592641043e+00 3.521990819163342556e-01 1.940931643866058209e+00 4.278855274871211645e-01 1.453904571071535506e-02 1.134045314864788739e-01 -2.987250454300477975e-01
-1.592814738749123826e+00 1.415860697721261219e-01 1.416916594960883513e+00 2.127424480690250364e-01 7.019187501528774131e-01 -1.188374708623580744e-01 -9.244916167995326228e-01 -3.197459773669613092e-01 -1.477481298701552592e-01 -1.068194751962433520e+00
4.749520418303375680e-01 2.615692846026794527e+00 2.627346102630222724e+00 1.997826336159943761e+00 3.438024401845484745e-01 3.102649712093794587e+00 -1.581108829568788621e-01 4.155481022291047655e-01 1.603038330838746361e+00 -1.975033209389786062e-02
-6.033284139495375120e-01 -2.257548794769930645e+00 7.915112359197047365e-01 9.279919811912717975e-02 -2.755090202032500102e+00 4.019359955035555765e-01 1.231045860130861175e-01 1.887574389917102413e-01 -9.951953964222033377e-01 8.560837764387457804e-02
2.374777761439437196e+00 1.463913841286755002e-01 4.277455348249430411e-01 5.675235392321614780e-01 1.723052282138607838e+00 -9.155805041086885199e-01 6.455777921239508332e-02 0.000000000000000000e+00 1.716191016034522621e+00 -5.921502222157077888e-01
-7.121078859769308655e-01 -5.413891850207618317e-01 -4.689760561342592449e-01 -3.450471950064856186e-01 1.129248882541276311e+00 4.784378041096256418e+00 -7.331378299120234754e-01 -8.695298346920289634e-02 -1.928680314838304016e-02 -6.618571872645007126e-01
2.463049559713451769e-02 8.927109736612096613e-01 -6.977165680884610532e-01 3.528479617696553272e-01 4.879390490339477471e-01 -4.937850327034369879e-01 5.093057607090103467e-01 -3.046113679081161596e-01 1.393442369670882419e+00 2.665637010997430265e-02
-1.831054618714829996e+00 1.014291643979492008e+00 9.742889986629199583e-01 4.674701537668159851e-02 1.690172051437323963e+00 7.295974033565980399e+00 -1.407895974416854823e-01 -1.324026797123053489e+00 4.327375011473660882e-01 -6.594321327950628531e-01
1.448274331406739890e+00 2.670675260313415400e-02 6.749664538376718426e-01 3.573720528836404897e-01 -1.423312921258694519e-01 6.875583270080933396e+00 1.252409895657036865e+00 1.363908958891377754e+00 9.990533337311792161e-01 -1.341001401774639945e-01
-1.025896846397431839e+00 -1.527125496045082853e+00 -7.888542764320968237e-01 -5.167656854712335823e-01 -1.337994201393700067e+00 -1.963108430763171430e+00 -5.459302325581395499e-01 0.000000000000000000e+00 -8.719706678730059224e-01 -3.827093560328050370e-01
-2.263503052234319135e+00 -3.161263360231616915e+00 -2.653389269514864424e+00 -2.210299969856400537e+00 -2.050521538692919421e+00 1.767787535011142441e-01 3.878733317354627896e-01 -1.221912769982281821e+00 -1.248521838614471635e+00 1.051423879445175347e+00
-4.750038555191244960e+00 -4.311549978238346625e+00 -4.135552171653818831e+00 -4.287272812253342558e+00 -4.500900078377529923e+00 -7.459490327646513208e+00 -2.987051934930659236e+00 -2.687573788453699652e+00 -4.798622857916199358e+00 -2.681244053926535642e+00
-3.387217905829657649e+00 -1.650179691908002289e+00 -1.819052905133527576e+00 -2.362207499931435972e+00 -1.967913971811379170e+00 -4.063373964144891382e+00 -1.557669798013145757e+00 -4.464286745151213154e+00 -5.226620926886073271e+00 -8.635526927563265120e-01
1.586367515006930740e+00 1.249473881842305234e+00 3.472315469776468544e-01 2.993554572428531735e-01 2.185255203764966681e-01 -2.639047057678991504e+00 -1.127743902439024337e+00 3.009640796678935692e-01 -6.316280367137492302e-01 -6.705850408796321105e-01
-6.536820530254010109e+00 -7.045898585049255480e+00 -4.813618912879303657e+00 -5.431258576052632847e+00 -3.777888977451424601e+00 -1.281458150937603513e+01 -3.602209058868150571e+00 -4.161399769792778258e+00 -3.845954782767455615e+00 -3.173717838978137085e+00
-5.849797767481528660e-02 2.421293468450826936e+00 -2.919114864254680405e-02 1.847982792536625007e+00 1.433465728960803709e+00 -1.621499116439726773e+00 -1.126930864726712000e+00 -4.333856815685536823e+00 9.721682425436344310e-01 -3.335249822097780648e+00
9.310072274952945648e+00 6.653909724589254893e+00 3.726606565195753173e+00 3.514649713575695333e+00 2.062659736854664860e+00 1.132201904658785629e+01 4.983564976576856154e+00 4.659371289532597160e+00 5.815365120855137349e+00 4.119578168448277289e+00
-3.175927951511764213e+00 -4.791943457967240860e+00 -2.300978124364721378e+00 -3.505682488088784243e+00 -5.370598106617641143e+00 2.541660955376424114e-01 -3.262249614791987717e+00 -3.752466824030257886e+00 -3.431605074965454527e+00 -3.163839308239190018e+00
4.638456577639134437e+00 3.671514647501183948e+00 3.501326154785456612e+00 3.280208552149261436e+00 3.157778867319948279e+00 5.351966203106590658e-01 3.889918894983976472e+00 2.470929730053415430e+00 4.608839581922479667e+00 5.819012908582531729e+00
-3.243699915243507093e+00 -2.509527237005090061e+00 -2.621679390935338638e+00 -4.837866748800833783e+00 -3.436585589626569348e+00 -3.330213034691301033e+00 -3.411268685320045790e+00 -4.906130436612079926e+00 -3.772704115270971048e+00 -1.024533917253928506e+00
-1.328012587093915453e+00 -2.826725703657566591e+00 -1.192292382512647464e+00 -1.446653335207586100e+00 -2.203381687854302218e+00 -2.906675598900712032e+00 -1.303492063492063480e+00 -5.168026082795631915e+00 -1.390675016125134444e+00 1.408652435373100066e-02
-7.909208541712091645e+00 -6.777255499566894770e+00 -5.285387976123123721e+00 -6.170215612270603778e+00 -6.400130637953729718e+00 -1.357252572024996518e+01 -6.719010337928682297e+00 -1.354552104147163050e+01 -7.176174703698833035e+00 -3.935785669178964774e+00
7.202157246522789436e+00 6.838403522549617364e+00 5.065503450470512981e+00 4.884067394449179034e+00 5.126845098174778848e+00 6.139799245279704110e+00 4.674402165479905058e+00 7.769685699000797641e+00 6.702507388203270189e+00 3.811196756959389642e+00
-3.473051023093958634e+00 -4.530197221652498385e+00 -3.750883432468980150e+00 -5.040113656716853185e+00 -4.461528053941390404e+00 -1.720045317893817316e+00 -3.765635242998936150e+00 -4.707048666750006660e+00 -5.284780302692248632e+00 -6.947187503736862446e+00
-9.875466605505197393e+00 -9.483829239823700519e+00 -7.922080838749880449e+00 -8.204638994372103866e+00 -9.263395067908511749e+00 -1.161723663579346066e+01 -6.890767808852222842e+00 -8.243013868467997440e+00 -7.441454376572805174e+00 -4.848254356366810569e+00
1.198082665473157959e+01 1.421688811991437795e+01 6.464831749508492820e+00 9.241146704227999109e+00 1.023499542542554508e+01 -2.485062079765724352e+00 6.250000000000000000e+00 1.801249297064611099e+01 9.838830472167437335e+00 7.080766577400543937e+00
-1.286469559657380302e+01 -1.473903128642551863e+01 -5.369746531425070302e+00 -1.163415198093955105e+01 -1.425299767820514774e+01 -1.857780361447843021e+01 -7.266435986159169858e+00 -1.496487585769193629e+01 -1.354718027422082116e+01 -5.331742043846096735e+00
4.397008216537336978e+00 8.233650351525682254e+00 7.026607446986334438e+00 4.199446280871388382e+00 2.335459071570422207e+00 -3.341046380880213107e+00 4.570149253731343286e+00 6.111364292188885550e+00 3.868169919937780588e+00 7.441201359908247603e+00
-2.447995897518338015e+00 -4.209601637043011380e+00 1.225774106041090938e+00 -2.403280305111348714e+00 -1.646360249781743779e+00 -1.603439966623615831e+01 -8.545288458793640629e+00 -1.052687982263611133e+01 -5.959847804474886601e+00 -1.193344803957119504e+00
-7.662056203340825711e-01 1.645308346014575873e+00 2.783063044313524692e+00 1.876859542223158872e+00 4.198419901380631813e+00 1.838768060460657239e+01 2.103004291845493423e+00 1.680776817699395131e+00 2.539065450526345025e+00 -5.860998272532405906e+00
-6.348555177559369156e+00 -3.755868795590722176e+00 -1.852279824116162876e+00 -3.909440867325419955e+00 -2.220341570468439940e+00 -2.572628128744873163e-02 -1.659979364897397724e+00 -2.110202798780226985e+00 -3.559933115891830813e+00 -5.635579291715973049e+00
-2.124415572883846526e+00 -9.974592756435964880e-01 3.073522487251183932e+00 -1.318088818637341397e+00 -1.088619295087338346e+00 1.581181504218357681e+00 -6.740341796647316031e+00 -5.353294875093562943e+00 -7.552949805620093215e+00 -7.298356864246922981e+00
1.003254011476361462e+01 9.089572730327994066e+00 1.958662644166342837e+00 7.198353574163565582e+00 8.696819104126756628e+00 1.628174493168521764e+01 1.128749999999999964e+01 1.189421950028092567e+01 1.384263483551950102e+01 7.234119992514763453e+00
-5.508751553197349660e-01 -9.572591371182345155e-01 -2.796763592001886956e+00 -2.512368421791756123e+00 -2.963094260323593243e+00 6.782176707050588504e+00 1.373694260361675967e+00 3.731768676206443480e+00 4.691645672213205387e+00 1.845957544384825288e-01
5.262299586231516280e+00 6.255106558631004177e+00 3.693315746639496577e+00 5.564536691402742541e+00 4.564361639829882300e+00 -2.056555142625820398e+00 1.970756281416314870e+00 6.966095231441454594e+00 4.388679785565815727e+00 6.005023515339971141e+00
-4.140224751262374880e+00 -4.106081376624074686e+00 -2.832538899460116166e+00 -4.528259225890846729e+00 -4.010042364766714051e+00 -2.612846521277322420e+00 -2.886325359024973114e+00 -7.123935280777961232e+00 -4.334442866281402296e+00 -2.694158205685993401e+00
2.853795070907419795e+00 7.034067464234855294e+00 3.360348213585337973e+00 3.246991561529370074e+00 5.842211910420131105e+00 -2.377711239525175824e+00 2.198593198720004693e+00 2.600683439056222124e+00 2.482056094467735008e+00 7.997718863138477907e+00
-2.040753021636688702e-01 -1.572732372755570873e+00 -7.245592210870278604e-01 1.364368432508690665e+00 5.122061579674097587e-01 4.355446239344309411e+00 -7.375347144926848175e-01 -3.711231252088903254e+00 -2.687692220920935071e+00 -1.413419819310508307e+00
-5.261705130869216873e+00 -3.550824846311559480e+00 -2.155182290926443756e+00 -5.150822161107395658e+00 -4.316544854023796951e+00 -8.099242695255346902e+00 -3.952205882352941124e+00 -6.297898751331733713e+00 -4.971446592342572579e+00 -1.769242154983583282e+00
1.668668362692878659e+00 2.070865744424964738e+00 5.834253377201945590e-01 1.354691411094520292e+00 -8.834609073854640116e-01 -5.625466677799073167e+00 3.913875598086124175e+00 3.733998936804629132e+00 2.795375065139611870e+00 3.369300846323225684e+00
-1.437140864300500365e+00 -9.210309972787541488e-01 -6.378882191073190766e-01 -2.178104212678579010e+00 -2.534932488613060197e+00 5.619734929439808013e+00 -1.296988672990146307e+00 -3.953832704844791657e+00 -3.519914421257173132e+00 7.660565671928800668e-01
8.723746836966403961e+00 7.436782360550411752e+00 4.772919276371369257e+00 8.281320973550723608e+00 7.374504420872615817e+00 7.547761796824871361e+00 3.472984168924517334e+00 6.436639900397600478e+00 1.158379692517073956e+01 4.166353442780677874e+00
-1.158230857158271343e+00 -1.077024707013623184e+00 7.013456217413354121e-01 -5.323598438906342739e-02 1.981273765528962949e+00 5.658216311303648993e+00 -2.019764841664863642e-01 1.319025617317037158e+00 -5.016560973017951675e-01 -1.631367250222205634e+00
2.559462990362782797e+00 1.003119049816785235e+00 1.560947742849138065e+00 2.066697689359890511e+00 3.228097428853851536e+00 6.215064869088285926e-01 3.722081676906396908e+00 4.037956406393540476e+00 3.766537897532690415e+00 4.204247133344261478e+00
7.216081697688913055e-01 6.052508048449633908e-03 -1.174695224547234358e-02 -3.562996776615576233e-02 5.221503720927708203e-01 4.402012273005386334e+00 1.219864877577970796e+00 8.971366713349175015e+00 -7.145306862669504877e-01 -1.417003250827298944e+00
1.962763520019823460e+00 2.240493633008288632e-01 6.173515577894252537e+00 3.182648384733607339e-01 -2.283287571773531532e-01 1.360384308452297297e+01 -2.650602409638554313e+00 -4.447255352102564174e+00 -2.705968611997524587e+00 -1.033768674676405652e+00
5.050315752230100763e+00 4.948343129253130357e+00 5.276938912335096710e+00 4.529039312385969573e+00 1.933751938121195169e+00 9.054454384906374997e+00 2.450495049504950451e+00 -2.739588934231341533e+00 3.331551832070436259e+00 4.478782510897691971e+00
-9.127313111321708750e-01 -1.047778985265034324e+00 1.066861524094307123e+00 -6.267581201077033759e-01 -6.735123536928591115e-01 2.808890589349219535e+00 -2.063990611949055864e+00 -4.931936214107493832e+00 -4.959333779335288739e+00 1.116212351186837815e+00
7.945750532016366829e-01 3.002087652277170893e+00 4.355457114634102567e+00 1.034000459426307438e-02 -4.068493053832303308e-01 2.107342775914935462e+00 -5.173568281938325519e-01 -3.810991353212896282e+00 -2.133049169505776277e+00 1.361231516311899314e+00
-1.356871399529371969e+00 8.811640739623803897e-01 -1.378211113483386985e+00 1.715399296001006491e+00 1.696457017398049549e+00 1.164767209852720420e+00 7.503135162709630990e-01 8.988890770101439998e+00 4.383693632222218639e+00 1.570125029909449577e+00
-2.075670215900004223e+00 -1.982087583395772512e+00 7.835834703947368585e-01 -1.395619670518960076e+00 -5.579111634417677212e-01 -9.988172713000715852e-01 -5.625879043600562346e-01 -3.645725162405184960e+00 -3.137898004072190439e+00 -2.302368725686387285e-01
-3.091033035419698205e+00 -4.135719373554616496e+00 -2.736034161591729408e+00 -3.884548966102270739e+00 -4.174148458322165745e+00 -7.990787809896867877e+00 -2.492927864214992795e+00 -2.900442764441380827e+00 -2.246987220787484585e+00 -1.312062713251564761e+00
2.880355899307114331e+00 3.396494279272742389e+00 1.519246055465720335e+00 3.815502796320045853e+00 6.721308853876460709e+00 6.609683216575625408e+00 1.417951042611060863e+00 3.256521911226236132e-01 3.774993835840788403e+00 2.211392957876850751e+00
-3.875433902806876829e-01 -1.210238619069071486e+00 1.521477183575211001e+00 1.013978704798137898e+00 1.563531996160691717e+00 -3.616936045265942035e+00 -3.253951226489308346e-01 5.596939087471772267e-02 -1.260528601322520037e-01 1.647159241251529904e+00
2.886958686924133932e+00 1.825927497518510467e+00 4.488536852369017227e-01 4.271601322331509687e-01 2.668396430137446984e+00 2.766316272948568411e+00 2.547085201793722331e-01 1.476674912000365936e+00 5.649732021995840237e-01 -4.179756410806139133e-01
7.068318414263638494e-02 -2.864508686669797743e-01 -1.419786207029980263e+00 -4.496310781880160090e-01 -1.352137225856401281e+00 1.014962514279798356e+01 6.455306662849782384e-01 4.310443943967222857e+00 2.653590119688287619e+00 -3.680791178949847087e-01
-1.620943828022996414e+00 -2.436084699121320085e+00 -2.606057317971380627e+00 -3.011348218715315994e+00 -2.447998046875000000e+00 -3.709542956523865342e+00 -2.360771374936002920e-01 7.080935843341168434e-01 -2.969227545100090460e-01 -1.879573545062185769e+00
3.284523244705132239e+00 4.487365424145997927e+00 2.533615122775063178e+00 8.891041703206683522e+00 6.166966570146965587e+00 4.081287490043160382e+00 1.478617248752672975e+00 2.697029772412817383e+00 6.154740605041058465e+00 -7.596234236876598933e-01
2.109608513145001307e+00 1.003220487834075803e+00 4.268959996378087318e+00 3.367579072897577408e-01 5.417376868119244016e+00 -2.327264998768161508e+00 -1.070767588297061756e+00 -2.145921174150245747e+00 -1.688757455751482395e+00 -1.331284609413506403e-01
-1.609932152918625459e+00 -2.589140793380371175e+00 -7.597411517279708981e+00 -2.181629609271651837e+00 -1.191931200909370547e+00 -1.030337058259071981e+01 -2.742279020234291931e+00 -2.621138346112064088e+00 -1.762530144902145546e+00 -1.166355690687531199e+00
1.414880905753503448e+00 2.446003800493329994e+00 1.310123648759774495e+00 4.235932311447404564e-01 1.478217319038286570e+00 8.536758097120406674e+00 -2.516652979286431169e+00 -1.190349180001675666e+00 3.303449040670055625e-01 -1.347967804766516883e-02
1.500884786983330832e+00 1.073584325800237549e+00 7.815485392347593097e-02 1.974449666274406434e+00 8.818147061396965913e-01 9.222346841307117460e-01 -1.048375018720982377e+00 -1.519420344864532979e-01 1.300033280879710151e+00 8.295647751374057854e-01
1.031727164070238567e+00 9.847304898150787134e-01 1.443608604392656369e+00 -2.661165711654836508e-01 6.760968981337515116e-01 1.870587606695426564e+00 -1.960042379294687276e+00 -1.880438431449558356e+00 1.905381827162149211e-01 -9.498315511339882056e-01
1.034489339404026653e+00 5.807016853130011480e-01 6.953759936520074181e-01 1.772665588980637530e+00 1.338318832348017740e+00 -3.245743842538381663e-01 6.368197607101505620e-01 1.041323226279804226e+00 2.203827311952365697e+00 -3.309059205193098929e-01
2.103777854047723661e+00 5.882279609820476596e-01 5.068402082920221430e-01 1.099843436055280455e+00 5.159574103105530885e-01 5.048463733869058778e+00 1.737296260786193702e+00 1.633590482102289965e+00 1.297063868954794641e+00 7.520839066967258679e-01
1.573535229090937682e+00 1.115449912865932536e+00 1.235071766019967709e+00 1.390554377919235307e+00 3.908578047607995098e-01 -9.921694939304313010e-01 -1.386836550060313478e+00 -2.944979306809814901e+00 -8.266242420275319303e-01 2.757254004867830677e-01
-1.142822764963600912e+00 -2.265187352413873700e+00 -2.160649598510792746e+00 -2.024089142926519980e+00 -1.444782192553069278e+00 -2.317246801219514651e-01 -6.120007186516870368e-01 -3.267758587881091970e+00 -2.228152316566177404e+00 -1.321173102165732915e+00
-1.207414572880818771e+00 -1.512242940061324425e+00 4.654307868383346092e-01 -1.952478701519465343e+00 -2.379819064610838808e+00 -2.279439564094933868e+00 -1.648076923076922995e+00 -3.447087259656098190e+00 -1.326129640956368316e+00 -6.792515208234145910e-03
6.143392445746114205e-01 4.339353431415160500e-01 8.839055572739458189e-01 6.326366375359998573e-01 8.337354481672119011e-01 1.563921691639005074e+00 2.013960854857947402e-01 4.153276109090446866e+00 2.151447081925628613e+00 3.466284849525715361e-01
-5.912053496561719967e-01 1.456824295461141894e+00 8.761509004336347495e-01 1.193938462117007715e+00 1.967993507212159265e+00 -5.178449270694921447e-01 -1.065058736291613073e+00 -1.850999976376074052e+00 1.431736696553875365e+00 1.896507087058502572e+00
2.356114588842790791e+00 9.554487688416799518e-01 6.838790374388870053e-01 8.826995615618199453e-01 1.095408528597783260e+00 1.809376163796037496e+00 3.707677681744845355e+00 5.296851387124264399e+00 4.299961389418771596e+00 5.317856272027568498e-02
-5.778438074729892460e-01 -6.922279779064027805e-01 9.508489719369999094e-01 -7.782402921551598851e-01 1.730851540479915629e+00 -6.907273172423680219e-01 -1.597565614302016046e+00 -1.967936804149850838e+00 -1.055493897441294626e+00 -9.965452813067978699e-01
1.944815754296961519e+00 1.105483159243154656e+00 1.984618721477572345e+00 2.529104274459247570e+00 6.035593896709650963e+00 9.343909481756199620e-01 2.087359876304599737e+00 2.999891414276561807e+00 2.376425847853532058e+00 -8.992159161596019468e-01
-7.455454690675776819e-01 -1.201126221233205227e+00 -2.049687037033055326e+00 -1.710262937658780513e-01 6.174710446614011250e-01 1.476289155887139160e+00 -8.307459295721316694e-01 -1.270123331712166959e+00 -1.671312020511288354e+00 -6.568160956261580585e-01
6.438404625611399146e-01 4.361436746938841813e-02 -4.029895886456857923e-01 4.613463823973698030e-01 1.521243044965585600e+00 -1.295310015128805059e+00 4.535978557192275606e-01 -7.763080430928384068e-01 1.259078267295695996e-01 -1.594991131888829239e+00
-6.773506735514079891e-01 -1.057156144454530544e+00 -6.163527179390589916e-01 5.752741883184470106e-01 -1.153636146447477806e+00 2.436067585628480803e-01 2.750347784442062515e+00 7.097349265098390703e+00 1.236508751338421863e+00 1.316079849223669440e-01
4.356942245343282116e-01 1.321750425148486840e-01 -4.736117832982642550e-01 -7.668417259804585773e-02 -1.317828423260414272e+00 1.660844641894000384e-01 3.020382495468501460e+00 5.792113409970715665e+00 -2.070147468985299444e-01 2.282801858245256110e-01
4.401454053155903767e-02 -2.255121652357092998e-01 -3.854063174791503843e-01 -1.436363970779722388e-01 -1.606001870290437283e+00 -1.758045056427269159e+00 -5.242463958060288309e-01 -1.489594648631281215e+00 7.468038211387003633e-01 1.435573082902015463e+00
-9.740693121563236134e-02 1.019849043970380675e+00 1.718796295561950460e+00 1.077393769890091502e+00 -1.641135300976661326e-01 3.622440366626765496e+00 5.793491797065352111e-01 -2.553578045435618726e+00 5.044842036653298667e-01 1.211130682800955816e+00
1.229792926994128788e+00 -2.291940894653820004e-01 1.173856561429547751e+00 9.417207765113259910e-02 3.029902454652402266e+00 7.556883303705089538e+00 -1.091013494114269289e+00 1.325661235116760706e+00 -4.558488857856536902e-01 -1.048737854516806678e+00
4.629455355348910950e-01 1.137669862836148349e+00 5.543710442647148406e-02 5.185182979559664895e-01 3.492723667815160749e-01 -1.841665041282492643e+00 1.074020319303338189e+00 3.346874606101550298e-01 1.034213760593022391e+00 7.201559487817227323e-01
5.505037420229245138e-01 2.433599801687733877e-01 2.422733465448917434e-01 -2.121637144189060520e-01 -1.100033321229636041e+00 1.588086942004882374e-01 2.703187823090178021e+00 5.397752270714638811e+00 2.597242336782983330e-01 2.698103854869308704e-01
-8.612167307518295845e-01 -1.316358671434955774e+00 -7.181974414487043434e-01 -1.733538382621156781e+00 -1.681443480361602072e+00 -2.104278936395183486e+00 6.249781537278479293e-01 2.081141141461944954e+00 -1.640674459110133654e+00 -1.291623442838715885e+00
2.848098928760317339e+00 2.339820042718269821e+00 9.103430648924286661e-01 1.818565354956772850e+00 1.979765398049822878e+00 2.461878184246895973e+00 4.530391346334210922e+00 4.500188656200165838e+00 3.083041334187417881e+00 3.884736187665328577e-01
5.912493077158748056e-01 6.196600860149038548e-01 1.653647144331453767e+00 5.569380579764889871e-01 2.729945887073061406e-01 7.255600044898045553e+00 4.369932207895786402e-01 1.995858603172656620e+00 -5.007017086006259297e-03 -3.598090755711971789e-01
3.157799750833202523e+00 7.644948167021363705e-01 3.042718756498735466e+00 2.789920777883359015e-01 3.141747823776148252e+00 -9.737614260812826883e-01 -2.739590054096977756e+00 -2.565003182893370148e+00 -2.605231746291907791e-01 -5.518822204911069118e-01
2.572751055193710723e+00 3.709163947807224471e+00 1.791324478277402710e+00 8.690978113544192141e-01 -8.128388386851190806e-01 8.970197614673690367e+00 -2.297970777840145473e+00 -4.052834557471308941e+00 7.032318081212658445e-01 1.260616780799183712e+00
-4.801043707410078021e+00 -5.369839596666880155e+00 -3.380233503366622649e+00 -4.287562562391541654e+00 -5.195794058102515045e+00 -5.093410869012659603e+00 -6.779596100278551418e+00 -8.344332149575844682e+00 -5.786108884644755257e+00 -4.688773877862171702e+00
8.633503867755585315e-01 7.891776383667894468e-01 -5.058695837251288019e-01 7.860774191694533952e-01 1.849133044026193939e+00 -3.860857732067424219e+00 1.414116513339981784e+00 2.736347790516806100e+00 1.789490436597826584e+00 9.086383358159872969e-01
1.236718592790104765e+00 6.391802030099980048e-01 1.086824932499725227e+00 5.534599302043147206e-01 1.714934875117646751e+00 5.946878439847223419e+00 1.624219656372576093e-01 1.381793547077075690e+00 -2.600645034254498444e-01 -6.331297468361224423e-01
2.650222046328281067e+00 2.450515943148857456e+00 1.655475574976202013e+00 1.811026693526477604e+00 1.354836084509408511e+00 -8.850529153080969325e-01 5.603847681242554168e-01 7.999975887345679437e-01 5.840688402484470743e-01 2.272571124861725966e+00
-1.391701468593494750e-01 3.461270566690136663e-01 9.830709924976751557e-01 4.196470360476517447e-01 -5.092090825184196479e-02 9.835800181061501446e-01 5.557993271902881283e-01 -2.527919129313082269e+00 3.525470025751974990e-01 -3.045842592806779492e-01
3.982327423870754557e-02 1.070841110086299564e+00 4.922415200471386143e-01 -1.268126416480827912e+00 1.740770450619194831e-01 1.227077161664329452e+00 -7.272727272727272929e-01 -5.428235799207042911e-01 1.808256395589550869e-01 -4.235526956363275808e-01
-5.714638224894404983e-01 -5.959725876548691570e-01 7.923959280642594027e-01 -6.610311899301950511e-01 1.207930327725725173e+00 -3.048003644624767139e-01 -5.128205128205127750e-01 -1.142111234009424825e+00 -8.818558514633910717e-01 2.928653219582065814e-01
2.616377062949267529e+00 2.777357723418312663e+00 1.450837882926292233e+00 1.826427677427763019e+00 1.800778703716661433e-01 -6.574054904811313937e-01 1.472754050073637744e-01 -1.083731300533722131e+00 1.436009266102250104e+00 -3.059184007541658756e-01
2.134478715504770197e+00 6.680940763613468780e-01 1.864156151685613105e+00 9.181990249420913797e-01 1.262438030704087222e+00 7.502637010405553974e-01 2.573529411764705621e-01 1.219638558321221034e+00 1.543903571594328339e+00 -3.696204627609033233e-01
-1.765203732914364831e+00 -2.015753182308782865e+00 -1.085584653497568608e+00 -2.136643240630892393e+00 -3.393329356960855137e+00 -4.085729663179653137e+00 -2.295562889622295710e+00 -3.339116341137784438e+00 -3.313632125142263796e+00 -2.127952732146730863e+00
1.327556188331920906e+00 1.263647415222477921e+00 7.380111359700116669e-01 5.863073009245035605e-01 7.093361135861054878e-01 2.615393154213341731e+00 5.254466296351898436e-01 3.486156026512185591e+00 1.342663401211997787e+00 -1.072873318663128406e-01
-3.072577449731189514e+00 -2.001594579283477948e+00 -2.240267452290042538e+00 -5.451386985937306306e+00 -8.316357541511703033e+00 -2.661312157129717360e+00 -1.657706093189964092e+00 -5.481832173100962713e+00 -2.428081018051829076e+00 -1.331710914824885572e+00
2.304666963762070253e+00 1.074721433643776036e+00 -4.638260974890652255e-01 2.541577046546080521e+00 2.110328359844725554e+00 5.169106826469469951e+00 6.905846621108580052e-01 4.428163714502590387e-01 1.114809828668963831e+00 8.925301134383197832e-01
8.347584233130070919e-01 2.554924411939933027e+00 2.926457777491165757e+00 1.494449796808682285e+00 2.914253060350571634e+00 6.980735542132611826e+00 7.846345850033369373e-01 1.139782321068548487e+00 9.353084128244626427e-01 1.143564207031839475e+00
-1.891454124164719530e-01 5.847390661524869415e-01 4.345331694059721528e+00 1.688935534515668913e+00 4.615314832211788953e+00 3.687680726581799018e+00 -1.047512158623269685e-01 -8.505160994342276792e-01 3.157843433937705391e-01 -1.777714508424613205e-01
0.000000000000000000e+00 7.620896833663318715e-01 4.029630685034672477e-01 1.936896928636442583e+00 -1.738583384447546232e+00 7.951734128033839610e+00 1.988615085012358785e-01 -6.433609911831655870e-01 9.753325428601260505e-01 4.202851669531901813e-01
2.675021598912963761e+00 2.152624144115885763e+00 5.768950884596908857e+00 2.021862919810022863e+00 2.938908689985685552e+00 1.347939685956727551e+01 2.429069597945812120e+00 2.525357484793083973e+00 1.068123042596484940e+00 1.425831375066162421e+00
-3.102858481131549606e-01 -1.162789266126103227e+00 -1.861929223944858158e+00 -6.488167445969041935e-01 2.413858140508122474e-01 1.332760471462945961e+00 -8.794015690567414945e-01 -2.821052952816612169e+00 -1.800160627770796440e+00 -9.091455301981134218e-02
2.329011408656154192e+00 2.199280591142707131e+00 2.699558253364204408e+00 9.181654878875582515e-01 1.129287226525991450e+00 -1.725350125694592007e+00 4.785745840082462205e-02 1.061528769684924711e+00 4.479971110444641580e-01 2.940134063704293310e-01
4.300324276778921262e-01 7.000918481158661111e-01 3.294909037690051168e+00 1.001600082354434207e+00 3.776985639335927458e-01 2.079242972436474268e+00 -1.100195017845972734e+00 -2.165063458079790060e+00 -1.466140617710676386e+00 -5.444257388403000997e-01
1.749256920377177948e-01 -3.032890691768769242e-01 5.457787373048220703e-01 1.339995464944835568e+00 2.331318299463190080e-01 1.078478012658312402e+01 1.904903638663590915e+00 5.466693613608271995e+00 1.768879486054851791e-01 -8.422371489228412667e-02
-4.613190803429664255e-01 -3.088871110256695918e+00 -3.000000000000000000e+00 -1.740081554177371315e+00 -2.476846265478887865e+00 -3.080958662722915520e+00 7.721796276013143112e-01 1.433473492192015364e+00 -1.833289391508347466e+00 1.994810489627409700e+00
1.654842047502454561e+00 6.181478408375790101e-01 -6.443298969072164262e-01 5.706807161789925198e-01 3.054375429033734379e-01 1.318583829062742074e+00 3.175552053330434887e+00 5.734741933878425568e-01 2.280180648171580948e+00 1.866256683272591532e+00
6.877322295030602328e-01 -1.487942444449880108e-01 -2.436118119730868781e+00 -2.616927598256184595e-01 2.294260466190926051e-01 1.925768321513002146e+00 2.598497085469484991e-01 1.547708264566367786e+00 1.665546573323362534e+00 2.298515022304838673e-01
-1.230493127065001246e+00 -1.980386103705053191e+00 -2.981256915182096678e-01 -1.292100186693025954e-01 2.705151905221251929e-01 -2.934652831725758748e+00 2.630288596245446975e-01 2.807568132678784911e-01 -1.551769526533484989e+00 6.677495817109418974e-01
-2.020251202298054549e-01 -5.100006352840344981e-01 -1.264373241620203814e+00 1.273949505347405087e-01 4.565666944571321606e-01 1.333049437526348177e-02 -4.576083501297721623e-02 -1.849813453259489204e+00 8.217035337936046124e-01 6.700576449958123293e-02
2.107392792462567943e+00 4.298107753763102501e+00 7.929523915184917726e+00 3.097866696818413867e+00 1.400652566519128728e+00 9.472031297577601094e+00 -1.922136017334172275e-01 -8.761212085035101627e-01 1.732536237767118736e+00 1.673920252984275603e-01
-1.380167444492726103e+00 -1.346883752981268723e+00 -1.831497579435014789e+00 -5.064406875447516887e-01 -1.495394913343171206e+00 -4.542911976848991173e+00 9.142476977485205492e-01 2.168551432859840311e+00 -1.002673190368518874e+00 9.358247589346020689e-02
2.809268912089240011e-01 1.437125748502994016e+00 -1.222963030038813015e+00 5.739325536279851203e-01 -7.776648946483970537e-01 1.528350121283420959e+00 -8.327521417344145582e-02 -7.242744132173863925e-01 1.211321729726052343e+00 1.803051981884697952e-01
-4.551643995416049471e+00 -4.349471883762544344e+00 -3.656876054314519564e+00 -3.073775527134931629e+00 -3.030803836103032278e+00 -4.977608151564267835e+00 5.122221411927310175e-01 2.938503479108957039e-01 -7.191028513432852209e-01 -2.666448310990020554e-01
-2.477283148360885923e-01 -6.122199444448671590e-01 7.486853699312240318e-01 -5.630485618922037583e-01 -8.125534566010792492e-01 -6.349348975036043008e+00 7.549164582152876335e-01 -7.072181793249889825e-01 -1.154839114562031144e+00 -9.959264000303523767e-01
2.370026178754456758e+00 1.266767517684617816e+00 1.538764874341707278e+00 1.406972061121194217e+00 1.209307444385382846e+00 8.652088941189695959e+00 -1.204988666796972696e+00 -1.404148626941854827e+00 9.018753885068435672e-01 -6.346222470926711212e-01
-1.642754094814683263e+00 -8.977197823214226879e-01 -1.796272057049066007e+00 -1.685597143479922178e+00 -1.447539564373661714e+00 -4.099119487829590014e+00 9.833152266345490666e-01 4.334346360491483918e-01 -8.633292660794592011e-02 -2.377978408366602514e-01
1.916837004180387050e+00 1.009797665077518003e+00 1.106543290484315101e+00 1.320785091550906287e+00 1.377541385454578382e+00 1.532007244485897424e+00 1.222245136454251924e+00 2.424990359383524030e+00 9.352425975989705487e-01 -1.975131385311594545e-01
1.210018428872955187e+00 -7.841010684293063526e-02 6.049010010913987712e-01 9.753782552336852651e-01 5.186706454155968204e-01 -7.751283084536957357e-01 -1.064191024665869900e+00 -2.668542991538551234e+00 -2.276162871781221675e+00 2.047243520559121344e-01
1.046886312427148447e+01 5.443848178411844208e-01 3.696084156633734796e+00 -3.277497877971266682e+00 8.174839304454291522e+00 -3.813799865290908198e+00 7.787563237484641521e-01 -3.916690028509968169e-01 -1.886016545478048645e+00 -7.354956810060908623e-01
2.519760784812378862e+00 5.624115452045638897e+00 -1.668100414664453357e+00 -3.487981166411223688e-01 -6.741007874093424279e-01 3.790989277703106453e+00 1.760372712690417396e+00 -5.587757853247521389e-01 1.523154171315495020e-01 1.090842245198574201e+00
6.678149540124784789e-01 -1.500877482574545452e+00 8.657178266855615201e-01 -6.379967678650374507e-01 -8.453741967197965224e-01 1.346780796243686740e-01 5.120481927710843761e-01 -5.723157451572595811e-01 8.390533453468256297e-01 -8.822862397519656841e-02
3.624666768378012049e-01 -1.640915447247648096e-01 2.109064508882875000e+00 3.929896694697626036e-01 -2.841959367023193517e-01 -1.331526906109600783e-01 1.621549628741717264e+00 1.737306101199862951e+00 1.981389022003557043e+00 8.015165507384270915e-01
3.488923418867120763e+00 1.601391764352820601e+00 6.230821714798736588e-01 1.748371360035587019e+00 6.486835251625472587e+00 3.070622993072397722e-01 7.388597640891219065e-01 3.085976708096348567e-02 1.361549253362030143e+00 -5.727701345590816562e-01
-2.449457541173044373e+00 -1.788772945134516457e+00 -1.784187257751938205e+00 -4.372209221684626446e-01 1.191195595842255983e+00 -2.475192097283057002e+00 2.237400595209054988e+00 2.200739856706409814e+00 -1.212458424464236240e+00 7.116252321523103275e-01
1.453479868973198919e+00 -1.990773631680199607e+00 -6.093225823259530438e-01 -1.034490034621769472e-01 -2.026524508989179463e+00 -2.350091592020570275e+00 1.430325704505398532e+00 1.267862921164584433e+00 2.189818060932425814e-01 -3.835849938133108483e-01
-2.973986727550670395e+00 -2.338533069477791049e+00 -2.143791678903451459e+00 -1.087632969277559480e+00 -2.612165443797528575e+00 -3.114403543607759062e+00 1.725057240535708691e-01 3.159777746881492710e+00 4.979983839438361093e-01 -7.160694233161061240e-01
3.323430524553571352e+00 2.856720139200247033e+00 2.647802926894832432e+00 1.803392712620038862e+00 1.468008313725415404e+00 1.312364261398822940e+01 1.941261193562527354e-01 -8.476182392647796382e-01 4.904693329362463383e-01 1.830307150482161971e+00
1.769754855494166668e+00 -2.342394413907577244e-01 -3.857932057315421187e-02 6.243222207914113087e-01 5.425268633112245720e-01 4.260469954928098879e+00 -5.893749999999999822e-01 -5.537203043575448236e-01 -5.836789926773323645e-01 -1.109183229647114688e+00
-8.912347937002071396e-02 9.582987597828616921e-02 -4.112596541520093796e-01 -7.925374567473978393e-01 -2.296117925626801545e-02 1.832814885950675210e+00 -5.856391105075539061e-01 3.907484072884750970e-02 -4.757578867774384657e-01 1.621658737595016997e-01
-2.610822170622228433e-01 6.606055160998854925e-01 1.092429284590310745e+00 7.716172955401576772e-01 -3.061804289376368615e-02 1.120305584357612716e+01 -1.907029542989587378e+00 -2.636465658711515392e+00 1.418833042510517783e+00 5.059363007340049734e-01
8.332804103680017116e-01 5.754264413598231265e-01 4.087470870111132193e+00 2.607769173558602827e+00 4.518274847736380995e-01 2.802839555945320527e+00 1.031203661917349024e+00 -1.394042124572534513e+00 -2.105993001905761275e-01 7.382984120884753532e-01
1.254703239081936261e-01 -8.463797335234988228e-01 -1.570118246966990538e+00 -7.179706471975174642e-01 9.529618185936204744e-02 -4.536099546276843308e-01 -8.356226010548180039e-01 2.339334394299246722e-01 9.949304260998369509e-01 1.998821101190711991e-01
2.218961568871133050e+00 2.327136363295692068e+00 1.131432701311860578e+00 2.048414483170393208e+00 2.444881190170455021e+00 6.563643934019400383e+00 -4.826254826254826047e-01 -1.197362017894664898e+00 1.572211710511042027e+00 6.848851542503372469e-01
5.153245522782361476e+00 -7.270004405265981795e-01 -3.836435108826962148e-01 -4.314377230372720001e-02 -7.434667586319557708e-01 2.405300386997889284e+00 5.903653410927901524e-01 -5.135365137859950607e-02 -9.791336894190927342e-03 8.849533444027239959e-01
1.196024273951510342e+00 3.145235919197328367e-01 6.922961603179613732e-01 6.080388971345856985e-01 1.640389769154034338e+00 -1.745384301560081175e+00 2.466524816312362312e+00 2.815451985575019300e+00 1.116934661617130953e+00 -3.993196074147968289e-01
-8.203732282340007176e-01 1.300949388148914476e+00 1.180060522510813170e+00 1.305867006470038394e+00 3.474701413755770130e+00 4.537789063413216195e-01 3.670012547051443308e-01 4.397386089766698869e-01 8.187599493349959623e-01 -5.914974794665731755e-02
1.359905610039250590e+00 2.161959000965560485e+00 2.849556033340961747e+00 2.383786149319926384e+00 8.222347317024400581e+00 6.416618923405229324e+00 7.285057974185079610e-01 -1.402988718516791078e+00 1.037956914929577090e+00 1.578360495971864175e-01
-1.195437142948283071e+00 2.455350705147197221e+00 -1.215918662022732910e+00 -9.494374109835140851e-01 -3.517489491162494541e+00 3.974604236477673691e+00 1.041883208553495033e+00 3.289940717238567292e+00 3.662153013306120308e-01 4.464823783031445781e-01
-1.619865500264230374e-01 1.028335162955825055e+00 5.294261259191176267e-02 6.699355272788002358e-01 1.500588089402078440e-01 -1.132329943990787235e+00 5.441274461937180007e-01 4.103548365479535165e-01 2.217697939459707168e+00 4.314313508577009570e-01
3.391214827961688272e+00 -1.476564950740062221e+00 1.445114686452836583e+00 -6.038698870777234884e-01 -1.566408259013030990e-01 1.256890204414280809e+01 3.939761354300600621e-02 -2.510454690993921822e+00 -1.724538085818890343e+00 -1.496978185711699272e-01
3.983260738592121264e+00 7.715184244144956960e-01 1.395558244521522662e+00 1.567932244172083323e+00 7.639802664105355134e-01 -4.669694009718934780e+00 -3.663450970814507296e-02 -4.990822491201714339e-02 6.415399665600828305e-01 -1.231992272036720459e+00
-2.071842995262474396e+00 1.927218524963162150e+00 9.239418168462552039e-01 3.764776340007294220e+00 2.389655260036744000e+00 -5.826753686360360618e+00 1.649157097483508583e+00 1.507891097896850052e+00 1.467067979601928362e+00 1.524549560096334133e+00
-8.006086097198721774e+00 -6.194686476503440176e+00 -4.628409107642481146e+00 -5.117067418189350292e+00 -3.761985085227272929e+00 -9.023849511099347964e+00 -1.646436726355005487e+00 -3.148054009057250635e-01 -3.473757003920356023e+00 -2.782291314016511308e+00
6.618285313737082287e-02 -1.403590892279621638e+00 -2.178737613197743173e+00 -2.964084205599453181e+00 -2.881967666797352834e+00 2.781328580889127711e+00 1.252443792766373513e-02 2.161250145502858544e+00 -2.057811501530953713e+00 -6.419302536121904712e-01
-6.729496900842280027e+00 -5.409566552107643034e+00 -4.394437724142489010e+00 -3.643411487074462496e+00 -4.092245914699955911e+00 -2.106282614420853960e+01 -6.139260417652969704e-02 -3.477587510492075928e+00 -2.218317435593014864e+00 -8.950816769860404643e-01
3.988654504673291967e+00 4.258358565122712491e+00 3.770668231312895635e+00 1.550932348481103507e+00 9.440911358681589594e-01 1.092335430714116562e+01 7.823960880195598433e-01 9.507652072115189146e-01 1.968819976783948711e+00 1.656935034920826944e+00
-3.264577089172678193e+00 -2.801835561104089489e+00 -2.860543072656297259e+00 -1.368893565144614799e+00 -2.056848187090636326e+00 1.381456147061599804e+00 -7.720766618146530647e-01 -1.031030918220713577e+00 -1.234933011178412698e+00 -1.863723008022127425e+00
-1.312889146018036080e+00 -6.524791204898267027e-01 -1.854743134138664429e+00 -6.742923713676274300e-01 -5.520575204390597568e-01 3.716283988856407539e-01 -3.025542916867860269e-02 1.242109427051816484e+00 -4.267146169497941788e-01 5.921959672592987944e-01
3.000000544956752169e+00 6.763735191241545541e-01 -4.251946308209542669e-01 -4.571999304829966193e-01 -1.725334684938983065e-01 1.258317067581058701e+01 7.978845360194426473e-01 1.385180103003997631e+00 2.142716368693963425e+00 3.857134449365043349e-01
1.560335508178121167e-01 1.640618790276152872e+00 1.713194539788894577e+00 1.742412321348895565e+00 2.355821782843490642e+00 7.182692674122996834e+00 -2.793236788232618117e-01 -3.113108620478614252e+00 2.000213048371582980e-01 3.639995038193770682e-01
-2.951361982939976425e+00 -1.786567558840764569e+00 -2.472324905929278671e+00 -1.500210365973178472e+00 -3.267022970184029429e+00 -1.778726393253346583e+00 3.032201554725612036e-01 4.230440915687197490e-01 -1.265857673735603928e-01 -3.291057123868388889e-01
-1.596362221861002295e+00 -1.043647577565882001e+00 -2.253666709549839275e+00 -1.656642615455943046e+00 -3.301450384092781576e+00 -4.149315620390516379e+00 -1.030924709142786000e+00 -1.143429713684195770e+00 6.824910364937442075e-02 -8.288381254227270567e-01
-3.172013880879660963e+00 -1.241932002848568084e+00 -1.788796891337853356e+00 -2.417559197992551479e+00 -8.986769009892524585e-01 4.421038080558680861e+00 3.676459324573148058e-01 -2.130672581924650810e-01 -1.295855997829411965e+00 1.365763764248025369e+00
3.032577315818383301e+00 1.072904787181429231e+00 1.881633876878814338e-01 -1.443738959357480534e+00 -1.734449334330565806e+00 1.637458068957510893e+00 -2.462446695828156784e+00 -3.091002504008438123e+00 -2.546766520194040595e+00 -2.734942199074121394e+00
1.571580394951458848e+00 2.409403102881714442e+00 5.692340108122283304e+00 2.075316496050985116e+00 2.659684169191966152e+00 -5.598701093034367027e+00 3.339237764995274249e-01 -1.091177150527133488e+00 1.575082632777548675e+00 -6.133696431504654933e-01
-4.194611317788410787e+00 -3.292836703957346067e+00 -4.126887053506604452e+00 -3.454530935052674501e+00 -2.249262307179219711e+00 -1.034109433530374389e+01 -1.796937626520191733e+00 -1.622996535249592753e+00 -2.587755536788928890e+00 1.594866630825461096e-01
1.026884284836514505e+00 1.296179346419627176e+00 6.643620344601030014e-01 9.557305332892535032e-01 2.048006176555742797e-01 1.953418729494346806e+00 -3.366789480370981913e-01 -8.625641956307113223e-02 7.678208477379470931e-02 1.592327081497820485e-01
3.751614778042571707e+00 2.278657821340226430e+00 2.494870264999927478e+00 1.138557089873095451e+00 2.119989007654649704e+00 5.041385121376603884e+00 4.385238064886226028e-01 8.741609395435142593e-01 8.848177627534622447e-01 6.843198352763758541e-01
2.386890215811030558e+00 7.795183620892454091e-01 2.549817584518016211e+00 1.361998442586934255e+00 7.848677272249316994e-01 3.402566895896878663e+00 1.556372082397288859e+00 2.877931321574036971e+00 1.556404220136248462e+00 9.954667800268469646e-01
-7.567873638749360587e-01 -1.040874670148172809e+00 -9.190203546536631629e-01 5.045716739405672335e-01 1.935207958478413204e+00 -5.056991503042845837e-01 -1.302876639140663872e+00 -8.423514529330800027e-01 -4.392995460449482525e-01 -3.399024644847563337e-02
1.507582852057549161e+00 1.481234876766096775e+00 1.224243150681741249e-01 -2.865199245006259943e-02 4.201281484110844233e-02 2.371919313642516070e+00 1.301081702232732118e+00 9.648643772081535452e-01 2.657434681152213152e-01 1.237595100253960467e+00
8.462165422616158006e-01 1.012696650154267353e+00 2.303469327213554685e+00 1.521564492330834240e+00 1.806037073906025414e+00 4.463763889086486358e+00 -4.378111318402129748e-01 7.271264174154665749e-01 1.690255969485169096e+00 -1.047822076457927576e+00
-3.228019730205954563e+00 -2.951145662395244784e+00 -2.988271964194183727e+00 -2.170848060900114174e+00 -2.509095870266587536e+00 -7.379062623614202288e+00 -3.515379786566227294e-01 9.487451349530277023e-01 -9.294316857243322128e-01 -7.330992243829056454e-01
3.079104105730909424e+00 2.032107469709613312e+00 2.374398437500000014e+00 1.870704927553247465e+00 1.811953301085243995e+00 2.551253085191236725e+00 4.787703162403931234e-01 1.174789593471501581e+00 1.032456320335490396e+00 1.360770076330461764e+00
-2.866949646258047490e+00 -2.124727215969521410e+00 -3.102025248469485241e+00 -2.145218094195578740e+00 -2.263363072933957554e+00 -2.748539252669176758e+00 -1.144200626959247513e+00 -1.029891218731827429e+00 -1.518127365537820683e+00 -1.329016580641461998e+00
1.696710946279517573e+00 1.903743431221478044e+00 3.088103771501585104e+00 5.596060018393580471e-01 -2.087715678019144150e-01 2.734425939955461349e+00 1.338512763596004573e+00 1.744548839451676825e+00 1.007734748423328330e+00 1.107623709025126635e+00
-9.558620837793425917e-02 3.574322039056478384e-01 -1.608382750631687230e-01 1.664681854972800412e+00 2.185035934886373710e+00 1.457854814393849674e-01 1.159053856576472752e+00 2.055545325739486451e+00 2.518864541715571392e-01 6.829824678706952756e-01
1.739584220896617683e+00 2.483614627249843387e+00 3.012015233891160992e+00 1.821447353944645187e+00 2.616023717997965625e-01 1.897066659826388335e+00 6.032016085376228076e-02 -5.698583592169053080e-01 1.803135155753089025e+00 1.397005735496899659e+00
6.352056277366872727e+00 2.590239748449516100e+00 4.754994719255915214e+00 3.584363361820313454e+00 4.273014661130843272e+00 1.912439583633352536e+00 3.369709710328623875e-01 1.225301907665325318e+00 -1.161466772517254914e-01 5.762701928548399355e-01
-2.652735539614373472e+00 6.594429783723544380e-01 2.033010214475840932e-02 1.585067348587877178e-01 1.414377691523118763e-01 9.834967722295688830e-01 -1.722639881685974705e+00 -1.620464293779049658e+00 -1.007745462099576716e+00 -2.291883437480466856e+00
7.432202181603658753e-02 -8.974243895371785129e-01 -2.320804633328578337e+00 -2.316428115674491750e-01 -1.564426412346898276e+00 3.279971811637292234e+00 -9.057306509410004702e-01 -5.556633909275158212e-01 -1.037593138205252341e+00 -1.752456900554884567e-01
-3.960750451883759404e-01 -5.433292334175355842e-01 -7.450124679229331859e-01 -5.097714656027233504e-01 -1.876243825360688122e+00 -2.692387435251859085e+00 4.619083776259174656e-01 1.496707225832815791e+00 -1.310580581839821956e+00 -6.144521435558355504e-01
-1.400051739063960188e+00 0.000000000000000000e+00 -1.975048098333395341e+00 7.862562890379448666e-01 -2.961939641969953407e-01 -2.051771376513539469e+00 3.035838004660830203e-01 -2.064481733705632593e-01 3.557962637033749709e-01 6.182510000783725257e-01
-2.554187003760018282e+00 -2.476555745566816569e+00 -2.001399475718797838e+00 -2.407986296853642738e+00 -1.703455384522872151e+00 -2.010604904926436731e+00 -1.571094868510285458e+00 -1.684562159872451836e+00 -1.642860968929322318e+00 -2.552328577660433417e+00
1.319191873609656618e+00 2.007248031607674621e-01 3.055630578442187772e-01 1.381091248548871775e+00 2.356543154529975315e+00 -2.063455285828440289e+00 5.980861244019138878e-01 5.711419613169833598e-01 3.706126430496941015e-01 1.593651024576037689e-01
-5.446339698866484724e-01 6.988546915392873649e-02 -9.968905369278432405e-01 2.250692109289087917e+00 4.174769595476701234e+00 1.659032570936335715e-01 -5.358699960364644854e-02 -9.963136122700302355e-01 3.692441774443604441e-01 -4.289244987110519269e-01
-9.583320957137452245e-01 4.189773585288993074e-02 -2.681381507850131296e-01 1.303289684839556539e+00 -2.188554676914738761e-01 7.453136918672071953e-01 6.262571143950305119e-01 3.532247569507759088e+00 -2.217342130007994017e-01 7.990059152326676184e-01
-6.133901377733531612e-01 6.235731498425303165e-01 8.815010974953064737e-01 1.638177693422284920e+00 2.398250231855471259e+00 -1.211865839629015618e+00 6.822624377325178235e-01 9.039661061469205228e-01 1.009597106787552163e-02 1.102865040598075413e-01
8.694485527528127145e-03 -2.844190916154706095e+00 8.239098736768034337e-02 -2.981661869012837585e+00 -2.696731964930557890e+00 -8.320997062801943622e-02 -2.069555087930257109e+00 -2.475676481326980927e+00 -2.494817089875048133e+00 -8.744176703578493415e-01
1.347236315731326961e+00 1.508948087069519994e+00 2.472374466696041218e+00 9.209150761905994242e-01 2.230169795404136845e+00 1.046919651009840191e+00 -7.018721921115321782e-01 -1.886602205666747301e+00 -1.559025043475731787e+00 -5.695681859179088091e-01
-4.631219208015183497e+00 -4.956627115694606900e+00 -3.759514287701005930e+00 -5.508853434010089423e+00 -5.513782571230571250e+00 -4.393897519056240597e+00 -2.833773426933728690e+00 -2.808819957813665891e+00 -4.835316510289366043e+00 -3.346135864732614706e+00
3.705038542851470051e+00 1.006516981765038787e+00 1.524923643819520391e+00 3.050036706738930459e+00 4.916491382806383648e+00 1.184670136630091797e+00 4.175780473255120695e-01 6.525763905567157908e-01 2.211533205056128715e+00 -8.456187942931953083e-01
-5.601802897648284763e+00 -1.099062127092474750e+00 -5.445641928554381117e+00 3.804402412709274817e+00 -6.309867915812208850e+00 -5.547301504812369721e+00 -1.650165016501650150e-01 8.953409107504507469e-01 -1.709303016596729341e+00 -5.831462178802439972e-02
-8.267863933540867127e-02 -6.914574445812872450e-02 -1.043094804065914705e+00 5.080075621037658529e-01 -6.651210890615510962e-01 3.213586472040169006e+00 1.280991735537190035e+00 2.254181011663619394e+00 1.667491424436583269e+00 1.152360749778452043e+00
1.535355198934171383e+00 2.026387983799876835e+00 1.462147590471585712e+00 1.313785990215706967e+00 1.507500253379048916e+00 5.840049826606579231e+00 1.398286413708690334e+00 3.152123353725062138e+00 1.948679624164985302e+00 -1.369979364493285889e-01
4.083660274481347052e+00 4.824883528194647830e+00 6.322968549417453232e+00 6.088131164720889998e+00 8.322660424347345653e+00 -6.888376862938347944e-01 -3.721121873179273898e-01 -3.055800744804766822e+00 2.989277366615220810e+00 6.498150877143502591e-01
3.549370978140838240e+00 3.188684281134321896e+00 2.494171533733847035e+00 9.536915913106717158e-01 2.540186397430653109e+00 4.064322510580714365e+00 7.854528065963819472e-01 4.089774039023534868e+00 1.892044205727210215e+00 2.582500904690797072e-01
-2.856392013588436862e-01 1.925782379415825474e-01 -3.199844314419024727e-01 -1.571642287234042701e-01 -4.309722564263696043e-01 -1.858062087448615562e+00 6.254528201478517513e-01 -1.332055016745552489e+00 4.199564023567587401e-01 1.781629644413209812e+00
-1.996800655347556797e+00 -2.382443144096249465e+00 -5.062258854214129578e+00 9.604106853440705360e-02 -4.989609919809320893e+00 -2.021165762223959383e+00 5.325198719276167836e+00 1.353924103084858643e+01 7.159767908338094067e+00 2.692444169458479752e+00
-3.008927742772916081e-01 -3.379277853124215802e+00 -3.458300337841222483e+00 -1.345509455490409234e+00 -2.274275061071831860e+00 -2.587481403736117791e+00 3.750756200846944832e+00 -3.250683300704456102e-01 2.962219787984040065e-01 1.506021988407791223e+00
3.035264815051163190e+00 2.625472105181443805e+00 3.372955446359319875e+00 5.472694062310288210e-01 1.486627177414639123e+00 1.649775751271169044e+00 -5.072886297376092424e-01 -1.493304079899379966e+00 -2.859690672416807522e-01 -3.237090177303672545e-01
-2.343282151666798430e-01 -5.125839735436347189e-01 -8.640897118136848798e-01 -2.524014714138758109e-01 -5.063745509369683706e-01 -1.287367260644827871e+00 -1.303698060130106029e+00 -1.228433566571154101e+00 -2.087448286370529260e+00 3.382949862490232107e-01
4.194535034127477163e-02 4.966543136392211344e-01 5.957672338932127332e-01 1.689220021795619031e+00 6.798115915547912058e-01 -7.917256868826593186e-01 1.467588647639180399e+00 6.262671493972966630e-01 1.065975837539098636e+00 1.078887937829747345e+00
8.720450250699750550e-01 3.325487224472643000e-01 7.191232314726279939e-02 9.987358071032019502e-02 7.257552480425004671e-01 -1.003680935396266821e-01 2.278246926151559215e+00 2.822581669898414081e+00 1.054732642420260991e+00 6.337640064797432915e-01
-7.564452527219434064e-01 -1.275141126065360009e+00 1.469104210569160407e-01 -6.972821718294286431e-01 -1.419555339969178265e+00 8.213871772028925378e+00 1.716541740573325134e-03 -1.014494808564642359e+00 -9.355854550666677927e-01 -9.943652232739564889e-01
-1.139124396770438086e+00 -1.576053705585352738e+00 -9.631130932040182779e-01 -1.193193869612755309e+00 -1.101817737926136465e+00 1.019678693656053170e+01 -1.131181589833669898e+00 -7.406774660501472818e-01 -1.366809734254050612e+00 -1.325752196458408028e+00
5.168182806577814592e-01 6.348286556123579061e-01 3.722494812092235206e-01 1.030076953863798384e+00 3.566574314628071507e-01 2.595342344455300321e+00 -1.713002615801291484e-01 2.689783588665943803e-01 -1.250996028221601220e-01 -1.560668624275732830e-01
-1.095754432270538370e+00 -9.556533268032247896e-01 -5.652872640243672420e-01 -1.261817390492499635e+00 -1.187070493659334147e+00 -1.934825620340830943e+00 -1.061159420289855104e+00 -8.566959888239534804e-01 -1.777714655876350136e+00 -5.301065533046001033e-01
-2.974261098253132563e+00 -1.330855934736275559e-01 -3.258726842125909268e-02 -5.079502334892271875e-01 -4.709008059944351232e-01 6.584831028563521649e+00 9.011569143871636101e-01 2.880337837608367035e+00 2.099273433781287945e+00 -1.701288250054812101e+00
1.159420037343491083e+00 1.784779396081372038e+00 6.348512194266726638e-01 2.103542834273071538e+00 3.162843565773835408e+00 6.425223889150748491e+00 1.941262720845491563e+00 4.623735319629679985e+00 7.302022419922512553e-01 0.000000000000000000e+00
7.467227785225882819e-01 4.673387640238195126e-03 2.149092977889804246e+00 1.303818048454280162e-02 -4.802892623688370666e-01 3.352658531723049062e+00 -2.010817400121332477e-01 -1.046059778397392837e+00 5.770730427953449926e-01 -1.320653700248518858e-01
4.826317025642077874e-01 6.359006131768818459e-01 3.224424992490062536e-01 1.297524251902173908e+00 8.055449218778116816e-01 2.048782189133275367e+00 -8.544642474921159137e-01 -6.637692097815303116e-01 5.216018335147375173e-02 2.227222581649606070e-01
2.109963797183608936e+00 -5.389529463117904706e-01 -8.543706797152500476e-01 -1.825384985096249357e+00 -3.023636101193438175e-01 -3.100251617885917632e+00 -1.068793699500001582e+00 -2.755324149192235783e+00 -3.080539793764810463e-01 4.722171359592013951e-01
3.082736728154265915e+00 9.996726848368399088e-01 1.642657239833998695e+00 2.334699063355284210e+00 3.458853496784233705e+00 3.023261965783750060e+00 3.046367635762668447e-01 1.577876360442170833e+00 4.040840599302252256e-01 1.914573135670764481e+00
2.933512115145168742e-01 -3.885165212502679211e-01 -5.139638899217010559e-01 1.649250601169233166e+00 3.385102990839933823e-01 -2.725905016622988786e+00 3.321391793696607531e-01 1.920831044589268899e+00 -4.829565753785996507e-01 4.679569045012962891e-01
-1.137466587306418253e-01 -5.246736544747496733e-01 -5.244230169371113526e-01 -1.715099389611638714e-01 -1.972030859352403853e+00 4.317709862936471410e+00 2.341852665664392319e-01 -6.555252751198782368e-01 -1.013412169686916720e+00 5.805323436579253871e-01
-5.612513646525330024e-01 5.600966864768344017e-02 -7.578270669860044384e-01 1.053903735418368487e-01 -7.628149192569974035e-01 9.538530280690947771e-01 8.941705846721856310e-02 9.072900804213962500e-01 2.225421560254247311e+00 8.523518607120386115e-01
1.226993865030674868e+00 -3.265876283794398593e-02 -1.448209377109398732e-01 -3.690167803172130778e-01 2.102243156457953344e+00 7.131415816179675460e+00 -9.974063400576369531e-01 -3.760005707390946528e-01 -1.410512522567482913e-02 -8.651114758742681765e-01
5.090886896306817677e-01 8.026512084521261192e-01 6.108308759499683216e-01 -3.137027539601655590e-01 -7.633562498363679616e-01 1.265269726007542284e+00 -3.661884094673384937e-01 9.845975491164192517e-02 5.643563574940999028e-02 1.731893542265831254e+00
-2.090367045774834676e+00 -1.948979937104203586e+00 -2.300390804491716068e+00 -1.847811912525697542e+00 -1.933655817491525930e+00 -6.985908794385682796e+00 -5.200405514767106885e-01 -7.786860231493339946e-01 -1.499272631174701553e+00 1.022766757205838539e+00
1.198882492287282275e+00 -6.043431354361596952e-01 -8.729981895905111755e-02 -5.742837468430357362e-01 -2.878591939744916117e-01 3.737100910761526062e+00 -2.936848937301212163e-04 -6.443671119594238661e-01 -9.399757627119260661e-01 -5.551966490066040372e-01
-6.734779422648468072e-01 1.301534380945968072e+00 4.813793269568723554e-01 4.044932150204664234e-01 -1.288253243043353091e+00 -2.723781538001822877e+00 -1.280469897209985386e-01 -5.903376605054456716e-01 -6.598887881893253926e-01 4.597681105038998739e-01
-5.146678081568515362e-01 4.407776730839776391e-01 1.301174098634563459e+00 -1.270004419787055028e+00 2.339662500449034011e-01 4.891887954424200657e+00 -1.371506539945422043e+00 -1.053859595654843995e+00 4.897180372066147758e-01 -2.536769991134039781e+00
5.009031479115205521e+00 -3.267603474644301814e-02 2.581635732999952304e-01 5.033468914377735581e-01 4.960010720497096126e-01 -1.028400811792453906e+00 5.229576624925461603e-01 1.707520364291648551e+00 5.355853367196923287e-01 1.006238630375582810e+00
-5.473858017489736938e-02 2.405078120323597801e+00 2.396112657404947832e+00 -2.208880201641850727e-01 4.355857016252341618e-02 -1.654951515001974016e+00 3.992240934409794773e-01 2.908896900006803787e-01 -4.319271339364445794e-02 -5.977346825357254811e-01
6.963456745552494276e-01 6.384503394189885994e-02 -1.505690558142043500e-01 -9.492389665784408681e-01 -4.316764187042069212e-01 5.319781595740426638e+00 3.852289512555391315e-01 -8.287064019011083360e-01 1.397219159564349056e+00 2.639137433397632737e+00
-1.585076405987183579e+00 -3.782708221588884645e-01 -1.063946965156653546e+00 -8.210259626386335885e-01 6.994982633733152211e-01 5.961270640425241574e+00 -5.603230097350236916e-01 -4.930194258528288742e-01 6.156117403228291568e-02 5.793512680230917811e-01
1.239532622798553030e+00 1.829909907595636653e+00 1.414904638248803137e-01 4.831416639924464573e-01 -1.306072876728965992e+00 -6.494966136465826878e+00 1.535957383841373147e-01 3.753779939510716535e+00 -1.088449708168705676e+00 -9.643325916428524547e-01
2.846455023697353592e+00 6.064990007306176878e-01 1.060726153478774338e-02 -8.267276661639988422e-01 -2.089523819965200868e+00 -1.464924554624428055e+00 -7.800980441405476196e-01 -1.521655067887715651e+00 -1.516673007156905895e+00 -1.960547924333080894e-01
-6.976024680639156816e-01 -1.303919861173230110e+00 -6.627122198072683545e-01 4.656386916814468924e-01 3.818896355749339944e-01 8.807748035020532829e-01 2.742875522292936852e-01 2.794445284003228114e+00 -2.623364242809265723e-01 -5.107378032099808562e-01
7.712236217600854093e-01 7.827326459583369145e-01 -3.949454221419917976e-01 3.431287373760917858e-01 -2.648135070937920887e-01 2.444354243151945383e+00 1.057915057915057799e+00 -4.397561790196224951e-01 1.656110007766151249e+00 3.488210943666809616e-01
3.576571324576651723e+00 9.921466728921156664e-01 3.507119245378611971e+00 2.295055010689317498e+00 3.590129514824136336e+00 2.901284212778673099e-01 6.874114652826351923e-01 6.585285230730677508e-01 1.883089598484737115e+00 4.722248409120886614e-01
-1.331485325709111267e+00 -3.600696982611180097e-01 1.158358795934904872e+00 -9.132083884978819954e-01 -7.942282335852887676e-02 3.465454933038265573e-01 6.476922133910876234e-01 -2.632792494827910779e-01 8.183182967681192910e-01 6.201429160532537788e-01
-8.526684497060699197e-01 -1.101941239330930467e+00 -1.088196939908187888e+00 -1.223717097107760887e+00 -1.773973438747136422e+00 4.322893659763296981e+00 7.975175453859985331e-02 2.799763764020102852e-01 1.861270506155903837e+00 1.239135636221914361e+00
-7.702653080273872410e-01 3.338169963973067200e-01 -8.801425858183044015e-01 9.439893246040316210e-01 4.744946364404157846e-01 1.567395888494665268e+00 7.881887596169170340e-01 1.364070737194503113e+00 1.694427166849714894e-01 8.522920891027215839e-01
-2.471926082558683291e+00 -2.126605416094942136e+00 -2.158475936039327081e+00 -1.512575859506588349e+00 -1.544882546539696921e+00 3.415199343141408939e+00 -1.233414315081293289e+00 -9.443589762525713693e-01 -4.434696839254761436e-01 -5.591592677022502178e-01
1.236373386484210357e+00 9.646352736600598277e-02 1.000433941986001773e+00 8.064307964021247832e-01 7.548147396701051504e-01 7.317326935056194248e-01 -4.963248671857943273e-01 -1.747844727913927532e-01 -1.492468810609735685e+00 1.175716509834265233e+00
-3.366152368233811032e+00 -2.592929809428293098e+00 -2.489665301956297316e+00 -9.867557520472497457e-01 -2.826882543307942530e+00 2.839030285679840393e+00 1.278158094903750541e+00 4.695584125929150865e+00 -8.810775432602080404e-01 9.410165009631906718e-01
3.412322074954282414e+00 2.845697661311101356e+00 7.577167259804195032e-01 2.986856936737171342e+00 2.062205281276084712e+00 7.944654502802200646e+00 1.126552259026138758e+00 3.283916355159645306e+00 5.596851042868141723e-01 3.378547706603934886e-01
8.631262592551280921e-01 6.092820889463913536e-01 6.495572530611964934e-01 1.323872013642837020e+00 -4.353586934106375983e-01 7.840307243104506441e+00 5.570012196898502799e-01 1.104063889485349670e-01 7.670358768883117628e-01 -2.057752953185192635e-01
-2.324882433372941204e+00 -9.698523228210126357e-01 -2.151946186732333288e+00 -2.310558729555617141e+00 -4.010169560344782447e+00 -7.821414918095458191e+00 -5.649942193904652354e-01 1.492426639857028281e+00 -1.188209605409621616e+00 -4.186442121048043474e-01
-1.395508464440265162e-01 -1.177071475803184164e+00 2.125777410816283852e-01 -1.073853687721754602e+00 -2.238747890509810379e+00 4.715294799600648012e+00 1.171261248393086762e-01 1.571892880097753409e+00 -1.892995815139651761e+00 -7.780575217205810690e-01
1.622667925753672247e+00 6.560292700685775857e-01 1.443840687417272450e+00 5.651995179943100078e-01 2.190461825558657205e-01 5.850879036589550219e-01 7.801175597785767746e-01 9.271493487428747460e-02 2.346095431064442738e-01 -1.517773260943908464e-01
-1.512717347980713889e+00 -1.534617787570060621e+00 -1.213558373115527056e+00 -9.346090172950349828e-01 -2.384358613317823394e+00 -1.101341679088695180e+00 -1.112702933798422333e-01 5.842479727609698470e-01 -3.577743145352734633e+00 1.748048969222358640e+00
-1.373054241081521631e+00 -1.736974784317930620e-01 -7.424522352137766790e-01 -1.906528750226468283e-01 2.328611478145188762e+00 -2.229588976978550185e+00 -7.032292992366800943e-01 -1.792164632791945600e+00 -1.337581847045191397e-01 -2.178592331301804075e-01
5.427107477730797047e-01 1.782275407337565509e+00 5.318518085084963376e-01 3.290652790927050209e+00 3.874922608813419878e+00 2.225962918348779240e+00 6.148664078556748125e-01 -4.327799380821581998e-01 3.472757849621107423e-02 1.547096494276621659e+00
3.285611271282835144e+00 3.649969417563201368e+00 4.570036548808058541e+00 5.357331709441361944e+00 2.443510047365944793e+00 6.985997867906925674e-01 9.277280026328182938e-02 -1.499559668290446179e+00 2.157091523223004792e+00 -2.457266860080896398e-01
3.665830782882326666e+00 2.808259307732248744e-01 1.336347865952100422e+00 2.170173579474199144e-01 2.015097917404705452e+00 -6.420156263490154336e-01 3.398516444114387247e-01 -8.384197833447237791e-01 -4.223072376998832089e-01 -4.003012290475915225e-01
1.607373628637605245e+00 4.356117358854675881e-01 -4.463276214688184917e-01 4.463569286263641689e-01 5.973558514971474276e-01 1.952714745892827064e-01 -9.548022598870056221e-01 -7.713480166120826320e-01 -1.520910171819439993e+00 1.125336902428943020e+00
2.768383290403476416e+00 1.584422163933354666e+00 5.376354451999685452e-02 9.088064050147021122e-02 1.278692082194899937e+00 4.034769506933355565e+00 3.650675945468028205e-01 -1.248223523992362693e+00 -5.148047336536203389e-01 1.485779657865394787e+00
1.679299581856646129e-01 1.219885447065303996e+00 9.754062784608379388e-01 7.216420837247619069e-01 1.453177182630810194e+00 2.599953558398858111e-01 -7.672634271099744163e-01 -4.087142795107208681e-01 5.124882083753277140e-01 2.711170090272131183e+00
-7.683752971338929649e-01 2.453372620571721840e-01 -2.812572208046079325e+00 -4.665217224956791142e+00 -3.513552055816928643e+00 -2.143615388608130612e+00 -1.646620847651775632e+00 -2.827178270965150286e+00 -3.484972762520709200e+00 -1.525100252162057135e+00
-3.498522670784370181e+00 2.589093575492745991e+00 1.559138193236463965e-01 1.883515171981877900e+00 -2.623654833583104917e+00 -3.324613655062787387e+00 1.388848449555976083e+00 1.759737204175986669e+00 1.666923105940307570e+00 7.624486192923149996e-01
-3.742059786316842551e+00 -2.917166607614667839e+00 -9.704710521418274949e-01 -1.394343109278226800e+00 -2.516986199145047287e+00 -5.015376961115046051e+00 -1.183160071219344189e+00 -1.106757693221994687e+00 -2.507315704821029279e+00 -3.564671700611668381e+00
1.652010127968690512e+00 3.315221141592362475e+00 4.262988388814243912e+00 3.595895798542298571e+00 1.424543562359501747e+00 5.832163440963431533e+00 6.030223772159256646e-01 7.383204801128773198e-01 2.644243524114650690e+00 -2.574622426125874330e-01
6.336708717632660859e-01 -5.841827382182598893e-02 1.110423302325459050e+00 1.376074290291822377e+00 1.935031723091745759e+00 3.927076429743143304e+00 1.162995594713656544e+00 3.078233022271570363e+00 2.142569059751359362e+00 -8.973060375043032666e-01
-7.778376242906256399e-01 1.457143991151673257e+00 -1.996152979382396442e+00 7.282498647864815489e+00 -1.609977150664952672e-01 -2.073806533256325135e+00 1.427751491286432528e-01 1.145122949111293531e+00 -6.169488160675402622e-01 -4.651162790697674354e-01
2.575777874687909197e+00 -4.074096679687500000e-01 5.575789665232250281e-01 -2.549930204198372907e-01 -6.000512498473549450e-02 -5.499084104886862168e-01 1.157396186495048607e+00 2.301317614620164598e+00 3.918354869752034730e+00 9.283523321894471270e-01
-4.585522131241578925e-01 7.851016310026118217e-02 6.349415293830681373e-01 1.714047677583090401e+00 6.041562265526873032e-01 2.635313662643660737e-01 -1.011951742022775963e-01 -1.953014629012206071e-01 -2.293886392062425283e-01 1.518606933550561644e+00
1.096878921459296385e-01 1.114798826849849461e-01 -8.713799140389585363e-01 -2.063384015237297309e-01 -5.669599017700536203e-01 1.313026142925814543e+00 7.615666998682283362e-01 1.565446969845256664e+00 -9.005148461648487812e-01 2.858019029644918718e-01
-6.573728224378977414e-01 5.361500578269525752e-01 -5.398816025142457731e-01 -4.379966067765618254e-01 1.076609565357452780e+00 -1.616821617962554525e+00 1.428171380565667725e+00 -3.995986592212834587e-01 -1.788366369950370738e-01 8.185824148097967656e-01
-4.558452630158283392e-01 -3.897103546752942460e-01 -5.573350037821482861e-01 5.343616604419562099e-01 8.981194286593173759e-01 -5.255104830568994245e+00 -2.512424075096631459e-01 5.731611262730916534e-02 -3.873805413500835959e-02 3.247689133681286866e-01
-1.920337602540945210e-01 6.877514696371346270e-01 -7.439403492778694504e-01 1.087966121170266809e-01 -5.443706533749947951e-01 8.498752215483934558e-01 9.964294610977332545e-02 -2.792491618373391105e-01 2.044178052119954625e+00 -4.496133391144944147e-01
1.775995158019304798e-01 2.045073372187314054e-01 4.776044696162549674e-01 3.006596910532615130e-01 4.067655815822322773e-02 5.494938915587080919e-01 9.263099682012996272e-01 1.421695746964649176e+00 -3.322875420456917750e-01 3.131424064229891835e-01
-1.610395770417268002e+00 -5.265555802266677077e-01 -2.672600648020557745e-01 7.479569102051999430e-01 1.282810063106515797e+00 -2.438369912895595348e+00 1.187123287671232763e+00 2.407075324944690120e+00 -9.811453379262801144e-01 -9.064680575327239698e-01
-1.764401276702021182e+00 2.051702939110793822e-01 1.214149558699168407e+00 3.752388401405737373e-01 -1.459991585582942342e-01 2.424020725369536444e-01 3.159750144178830600e-01 3.111042004974375885e-01 -1.875898995180453610e-01 3.574218887213085338e-01
-8.636423537534126949e-01 -1.678966696286546822e-01 5.920888500005423438e-01 -6.046416009093477095e-01 -1.527942597460025587e+00 -1.349372824884204070e+00 -8.367071524966261942e-01 3.376913947373900160e-01 8.867098671813962163e-01 4.829278599912643910e-02
1.233431462795601397e-01 -1.156730031211700815e+00 -2.353505574574745740e+00 -8.072902838802336056e-01 -2.906572873557385250e+00 -7.721833234447771366e-01 -8.165487207403374637e-01 1.669076169856245295e+00 -2.206835558290904942e+00 -1.665264676088620055e+00
-2.979899332170937942e+00 -2.680834411396505246e+00 -2.128062838473840923e+00 -1.654054119759703401e+00 -4.702595954309038428e-01 -8.549851380603069373e+00 1.330954994511525769e+00 9.390618494307436670e-01 1.753534739216907168e+00 -6.810655537181385943e-01
-1.111106267051091279e-01 -5.287579478148231038e-01 4.326040420742182091e-01 2.852661003970764497e-01 2.124226583387384348e+00 -2.191738718618789328e+00 4.888287068381854672e-01 8.031570302052731813e-01 1.819313149425085374e+00 -8.834204725502040612e-01
-4.052138358153820064e-01 5.487198336061364090e-01 -1.094693088218031018e+00 1.149930104007322873e+00 -5.830090567857019179e-01 6.178809314926598795e+00 1.063184703076363258e+00 1.759507260968856679e+00 3.451035804236592952e+00 1.340060997112965779e+00
-3.478261398823788930e+00 -2.370495624068200691e+00 -3.240042545513693195e+00 -3.256539968315062872e+00 -3.639663730485595661e+00 -8.059088333748997357e+00 -1.919999999999999929e+00 -1.357172064208779450e+00 -2.588521562853863145e+00 1.045563520353530174e-01
2.231624739467743257e-01 1.480413689823522727e+00 1.170040840505770285e+00 2.956463777460295872e-01 1.150415268638320887e+00 -9.850152431332538372e-01 -8.754758020663404583e-01 -2.652463752552046916e+00 -6.362575954861110494e-01 -2.641919352478320437e+00
5.385121774911976189e+00 1.962302032351416203e+00 1.720373953291438163e+00 2.361622284003362271e+00 2.829752613575572173e+00 6.355291291751480109e+00 3.613747325689834700e+00 2.262690679136910354e+00 1.996330102805544016e+00 5.427240779463515796e-01
-2.089363917220920630e+00 -1.295689749550814396e+00 -1.640418577794325650e+00 -2.502793628227388267e-01 -2.230947710697833042e+00 -4.452763743232487137e+00 2.117774748183346226e-02 -3.255850452917358751e-01 -3.969905326904210607e-01 -1.883021830066210767e-01
-2.445656266637088905e+00 -2.698079142402144637e+00 -2.893170479822992913e+00 -2.570620533555027176e+00 -1.386098972158542386e+00 -4.842373713092620768e+00 1.017639975121415352e+00 1.933210626936783472e+00 -4.263790845476352898e-01 -1.760786678737825017e+00
-1.581189860543215975e+00 -3.647397785021389005e-01 -9.128097051788686134e-01 1.119613562056944289e+00 8.731102753822762574e-01 -4.862218183112753778e+00 -2.997275204359672873e+00 -1.536855697622319328e+00 -1.559230164462540369e+00 -2.016383223575932693e+00
1.073837463598743547e+00 2.147933871894410984e+00 7.687440447282977152e-01 3.104335595672896631e+00 2.577233253118682121e+00 -3.779928897736158255e+00 3.068280034572169246e+00 2.324695199197332474e-01 1.848701495087174962e+00 1.979485617243756712e+00
-4.167351041756075070e+00 -1.817792142883402295e+00 -1.616752444530802579e+00 -4.271200553134087308e+00 -3.394127918168363234e+00 -5.844972237400060777e+00 1.823899371069182429e+00 1.325293188964491442e+00 2.256162911530759541e+00 8.327916349386179640e-01
4.064967087253757327e+00 2.810149701745999984e+00 3.756843724276202057e+00 1.636861038683063541e+00 4.085226891041571662e+00 1.964121085077153595e+01 7.463454807494338539e-01 -7.062990028050785130e-01 4.085728249194786610e-02 1.905991508202423412e-01
-9.166677797724072096e-01 -5.817437836653807093e-01 -1.701096988753039441e-01 -2.043778536753642350e-01 -3.160970756225934819e-01 -8.195046455057953816e-01 1.885250089408879726e+00 2.173485485055723476e+00 1.275184947726737628e+00 9.194654256829711825e-01
1.650271438690236847e+00 2.026506647867495126e+00 1.829849075697537630e+00 3.160319003039962382e+00 3.389962700352973979e+00 4.721129560609182541e+00 -6.120248721291745575e-01 -5.221411287942870905e-01 1.335303021010526114e+00 -6.279929135553852064e-03
-7.625453527034211643e-01 -5.819613099972252845e-01 -7.740292387870870705e-01 -2.406049783514562890e+00 -2.000880271881442241e+00 -8.390502175577108090e-01 -4.283562773871780194e-01 1.185838831915626557e+00 -7.915071122894418165e-01 2.890578833928973412e-01
2.445673894346090727e+00 -3.987285011267232004e-01 -2.527944294507170064e-01 2.165825076219512202e-01 1.993295911019654199e+00 2.048350564733357526e+00 -2.103110962475392753e+00 -4.995189303779000722e-01 -4.858247169394661058e-01 5.137794699693466471e-01
1.274297812949936048e+00 1.235045008911845210e+00 3.303450068492440050e-01 1.433478320700711794e+00 2.020090878281963764e+00 -4.387377101375830257e+00 -9.523809523809524391e-01 -1.197142735924437096e+00 6.404768434707426294e-01 5.921935912514499911e-01
-6.450565903976319682e-01 -2.818616839049917777e-01 1.418882857654758967e+00 -8.013484210214311121e-02 1.693644731811264403e+00 3.683074177984819286e+00 -3.185096153846153633e-01 1.029250138488102539e+00 -7.476603020017942303e-01 -3.718106605201585979e-01
-3.390512411433500350e+00 -2.666213400453811389e+00 -3.435882263633850631e+00 -2.923802755683613697e+00 -1.897825591740772921e+00 -6.932079135849120277e+00 5.305359618978717773e-01 1.650652923491176205e+00 -1.058201311604486161e+00 -1.866038712354512463e-01
-4.480220036475254242e-01 -1.603654278909128761e-01 1.551193063867737365e+00 2.780331469331414063e-01 4.123892913551417294e+00 2.618075269407019179e-01 -2.156313147773939454e-01 -1.592131052338664698e+00 -6.235842262875753050e+00 -2.679678016446819799e-01
2.833570786240944273e+00 2.448447684049077644e+00 1.167825165406434662e+00 1.840184582148740033e-01 1.182318212591954465e+00 2.310382976105817665e+00 -5.996895724566106978e-01 -2.687893635007678750e+00 5.316607713705284732e-01 2.874323501405984249e-01
-6.888714468965324578e-01 6.737557951100104914e-01 8.560268288081327448e-01 5.239605727829282911e-01 -9.913482242281951295e-01 -1.170153262010261264e+00 -7.789107867182960554e-01 -1.000195068309283286e+00 7.211245023287260469e-02 -9.345414111176011951e-02
-1.999350872639231724e+00 -8.923289421872501181e-01 -1.607328498505975922e+00 -4.310879155871628066e-01 -2.921236655450742070e+00 -4.816049732187686061e+00 1.483679525222552087e-01 7.761195980280165552e-01 -3.842737190057441549e-02 9.728702832643968401e-01
4.163544135626230380e-01 -1.325070197491339918e+00 -1.321967357075199967e+00 -3.447346822188853896e-03 -1.205084085041649988e+00 1.605660241417485423e+00 1.851851851851852027e-01 1.281375645423902920e+00 -4.806368048990046493e-02 3.705611588951547575e-02
5.141411107143553094e-01 1.781871160756868466e+00 1.894132317252176234e-01 -3.803263344575034677e-01 1.535480709351425332e+00 -3.385435778177017685e+00 2.454449432268286380e+00 1.665023425316506156e+00 2.673461329017995158e+00 1.827493630159815474e+00
1.485028516915811170e-01 -5.243531194087374114e-01 7.765307334585754839e-01 1.040141589095961328e+00 2.755995552727577014e+00 -1.199276507863069163e+00 9.136715679325764228e-01 -1.553938821984856666e+00 4.589499054659665345e-01 6.730131932604868084e-01
-1.227446965368871323e+00 -1.441081155622974563e+00 -6.645557814257445628e-01 3.323565114905849271e-02 -9.696744560888768127e-01 3.980110579983275887e+00 -3.013740613985799732e-01 1.178938392786114342e+00 -1.216726808628205037e+00 -6.203317399091328177e-01
1.876563779287664158e+00 1.690747494393044947e+00 1.269602511269356526e+00 7.842797137458378254e-01 2.267360687255859375e+00 5.083225481702609017e+00 -1.193257505891997194e+00 -1.456499263482885942e+00 -8.022566014247201061e-02 -3.999687444950317250e-01
6.958644809685177179e-01 2.790856220815390198e+00 2.162837424542457310e+00 3.261059729297135501e+00 1.402235731480540259e+00 -9.252455711748625022e-01 1.207668096094912658e+00 9.722203428140704373e-01 2.422899440953068861e+00 -9.248580565939041875e-01
2.357724817787728799e+00 2.772849618923794335e+00 2.079404633620689502e+00 4.187283682534427953e+00 3.431996207833839296e+00 4.427652103206460410e+00 1.325699354442053446e+00 -5.855936032014170955e-02 1.005253467511606491e+00 3.684768396361542964e-01
2.462252222689843284e-01 -4.858098840829521148e-01 -9.018145698551058298e-02 -4.371395312503438269e-01 -8.578530526913528131e-01 8.248423909812992172e-02 3.451022033448367665e-01 -7.030346734686580001e-01 -1.780493981019163618e-01 -2.447120352758794595e-02
1.339040055198104540e+00 8.230425567293470079e-01 1.723725984714459480e+00 1.347510904088117245e+00 2.230126805485471486e+00 -2.985747167498183252e+00 -2.549760644998739778e-01 1.566801819091012682e+00 2.835629514218484526e-01 1.346479108421266002e-01
1.923376900018963109e+00 1.340538689610089262e+00 6.071298900768226092e-01 5.091446829469242763e-01 -2.236012809019845629e-02 1.912159656921587292e+00 2.854342642363497107e-02 1.226376107845458391e-01 6.521606457417526981e-01 -3.911737590984061264e-01
2.025160614673088055e+00 1.026655914517522250e+00 2.209556610943683275e+00 8.993832667173731199e-01 -1.789015328887800793e-01 -9.915133639592127457e-01 1.009845934732488182e+00 7.478105328929610662e-01 8.246521746194550584e-01 -1.055409712106341935e+00
-1.323304140478148483e+00 2.345028616863713972e-02 2.132121911617791132e-01 -1.147229918207990362e+00 -2.944322266258893039e-01 3.686738976312928795e+00 6.550000000000000266e-01 -2.111606306836011637e-01 -4.718690596788563951e-01 2.418600866036821617e-01
2.430651515618341918e+00 1.008161672207276816e+00 6.098765776372616632e-01 4.370367341007643791e-01 -5.713547956843596509e-01 8.595690551627477305e+00 -2.980477869951815573e-02 -1.192690379448274607e+00 -2.031864115961009021e-01 -1.336305165964819519e+00
-1.785311334705409703e+00 -1.121897948100399001e+00 -1.970588235294117752e+00 -5.553519031810740803e-01 -2.240444932403409251e+00 -3.947164782029825680e+00 1.242236024844720482e-01 -1.869030886150556681e+00 4.343459580675339549e-01 2.758982024039960401e-01
1.870787884223199971e+00 1.529795265124672676e+00 1.382840920810831209e+00 1.933177049467034392e+00 1.651145855315522715e+00 9.040868707601391607e-01 4.439205955334987186e-01 6.348729663736506490e-01 1.937112863555366715e+00 2.938977151604257321e-01
-2.527853813313197251e-01 4.778382406069364152e-01 6.022287949217791647e-01 -1.093972213105787045e-01 -5.327836428481776965e-01 1.258785601501753171e-01 1.102055638863704390e+00 7.425937414797906255e-01 5.745310390393840866e-02 1.153442303482560050e+00
5.068520104500410239e-01 -7.670476623866679944e-01 -8.068956096714575699e-01 3.070861796353083206e-01 -1.286825571773521970e+00 -3.399662523732409181e+00 -6.707391569945021503e-01 -4.240111822137267450e-01 -2.738440731187196109e-01 2.773649734997993277e-01
-1.282998942838836420e+00 -1.855068744167526207e-01 -1.106760307688676503e+00 -4.694815157113494952e-01 1.356550011106847919e-01 6.101038749803775474e-01 -8.403340672316452764e-01 -2.214208817011476427e+00 -1.111650020581355758e+00 2.329579709421788714e+00
2.929902996470337695e-01 8.983105083694684634e-01 8.195687936574640453e-01 -2.895608648260679721e-02 -3.898868989189023249e-01 3.495181466242759161e+00 1.752466576860197245e+00 8.507998776189338308e-01 1.867609365703725599e+00 6.607437120048306745e-02
-1.168537497073970144e+00 -1.308608995413228282e+00 -1.575837745193936934e+00 -1.133718569045711222e+00 -1.641958465846621973e+00 -3.283071659959076793e+00 -1.036686309742949508e+00 -2.105751501476465837e+00 5.276341067785183386e-02 -8.463915559788459664e-01
1.803853902359480177e+00 1.547606742987703621e+00 9.622078721966959014e-01 2.104749866739964226e+00 1.554706609991162392e+00 1.349195061723369449e+00 7.240681841138603136e-01 1.913555959594286149e+00 1.067800060453151900e+00 2.058430873931986205e-01
2.977917470767242336e-01 1.531663434167745419e-01 2.038987320015632321e+00 4.347958545357349380e-01 6.342787603821380404e-01 1.206469358160209282e+00 -3.211525291067410248e-01 2.463513623896813609e-01 1.478244947350543514e-01 -8.458247457321808049e-01
-2.449538509980167811e-01 1.605862922336814547e-01 2.472845890473746033e-01 -8.203690905211060702e-01 1.748939956284054076e-01 -4.532649880703639056e+00 9.503664787854547713e-01 4.582906831794549274e-01 -1.866773823988798764e-01 -5.727531497518354442e-01
-6.027216030005735359e-01 -2.828569541390593578e+00 1.201782309539796811e+00 2.970783646037118864e+00 1.162828571376870679e+00 -1.467202934925509572e+00 -1.001458434613514831e-01 6.479310595299586639e-01 1.539729994235229382e+00 -7.353824010927828558e-01
-7.486607437100331608e-02 -8.053123316384185326e-01 3.703934825430099664e-01 1.429393742571896553e+00 7.297298344746868004e+00 -2.505763796414711919e+00 1.683017509027027625e+00 1.944430662117997644e+00 1.460699810103403440e+00 1.370540362550269675e+00
-1.513327148882369189e+00 -1.306886215332572487e-01 -1.120653774248538265e-01 -1.640783430239231899e+00 -1.344427502069019731e+00 4.791728573324409268e+00 -1.293356145535468515e+00 -8.892356859995130813e-01 -1.393229352045180836e+00 -8.952504555566386246e-01
8.215324183090138010e-01 -1.268903460716210574e-01 -2.334010113112066076e+00 -4.427415285744635831e-01 -7.690414984818659816e-01 -3.459063196731783307e+00 1.818181818181818121e+00 -2.925667741921403331e-01 -4.067464284006337416e-01 1.524003595797077004e+00
-3.538550663637626936e+00 -1.615980034287139988e+00 -2.203457658580312284e+00 -1.547108881955425508e+00 -1.308203049279296870e+00 -1.649882964713321742e+00 3.380952380952380598e-01 1.382365094385897830e+00 -2.493451827233589546e-01 1.549541465141089480e+00
1.955476201629652855e-01 -5.327059611747279044e-01 -1.247937771185853473e+00 3.441927293016577294e-01 -1.049125672688510980e+00 -3.948891390943781166e-01 8.115419296663660687e-01 1.312071392448940443e+00 -1.215356669510659904e+00 -4.172360555617452005e-01
1.280249267375662470e+00 1.322673952485095672e+00 1.095540115609490828e+00 9.754782520283614700e-01 1.587200868000474774e+00 -1.102933852078487487e+00 2.419734488277939910e+00 2.012441647387334775e+00 9.205534438056048874e-01 4.010283950279018850e-01
3.622639130594835222e-01 1.093185053070928392e+00 -4.464112982662787332e-01 6.237762155953767707e-01 -2.937324147480335212e-01 1.330743795738540181e+00 4.621713550284978766e-01 3.422758375763698679e-01 3.458359707932591176e-01 4.530788613017600053e-01
-2.580453165269868343e+00 -2.091425927937248908e+00 -3.072056345904875307e+00 -2.558746790498370061e+00 -4.108683058563855184e+00 -6.444371016629281357e+00 5.327922293317106650e-01 -1.240651933727799500e-02 -2.649489068522298041e+00 1.050447639442692926e+00
-7.410286348592182160e-01 -3.843340789674148938e-01 1.047485557932904099e+00 -9.464357546089232631e-01 1.830236808705344165e-01 -1.882227876428837599e+00 -2.093933463796477490e+00 -1.662329682594096525e+00 -2.168453735084410750e-01 -8.163501231985654805e-01
-2.493850311901709471e+00 -2.936277404455333251e+00 -2.232381569745406136e+00 -3.075251614135519063e+00 -1.298408313110571921e+00 -4.424821292685423124e+00 -1.150472507193358362e+00 -6.875213725557567379e-01 -2.150962806734791677e+00 -4.026574579046090507e-01
1.791972499626981907e+00 1.686191957864801028e+00 3.023544063032857498e-01 1.308489447221906632e+00 8.957270143771034476e-01 -3.085322984807276292e+00 1.253679686250905423e+00 2.572247145288387493e+00 1.409600027885344886e+00 1.046379189986895719e+00
1.984472836132304296e+00 2.106733795376893870e+00 1.943081294773858492e+00 2.213501905993199514e+00 3.498654371393495666e+00 3.157303383981904243e+00 1.537246888352219898e+00 1.554176165223490891e+00 1.430230119637660113e+00 1.529739330227528893e-01
-9.258535374112114580e-01 -1.196857261234533620e+00 1.473517381034373352e+00 4.626111361854662318e-01 -1.519310573586347413e-01 -2.189095763948542217e+00 -6.714540547957736916e-01 4.024167332569881794e-01 -2.203225498462287602e-01 9.986967907778181164e-02
-1.124572904645979365e+00 -8.565098733417160215e-01 -1.165300301585970866e+00 -1.155564723741325128e+00 -1.743485750643344989e+00 1.802919398318636457e-01 -5.887309934518930588e-01 -1.408873559984777479e+00 -3.842055766682039297e-01 3.521190140775068422e-02
-1.281506084663731337e-01 1.645272578227501004e-02 -1.484959423068338627e-02 3.991226143907081192e-01 1.171120461634994392e+00 -2.493635811911123490e+00 -2.424918995662012355e-01 -7.637853073891635036e-01 -4.344597927505161605e-01 -2.170695944921902654e-01
2.101207046185339600e+00 1.382033842478481267e+00 4.913634065405180218e-01 1.560640597485142056e+00 1.600812867851459931e+00 4.138715510388140117e+00 1.629829123328380425e-01 -1.737935436882399598e-01 8.237259600522598424e-01 5.820822451233644834e-01
-1.476708262878341449e+00 -5.314823033516405948e-01 -1.373283527145317207e+00 -5.557150623429308878e-01 -7.469867470124170739e-01 -1.005491686745433988e+00 2.426858157442133290e-01 1.137848542075519775e+00 1.457347763189849876e-01 -6.430151729816958872e-02
1.331418452429359522e+00 2.288208448117595939e+00 1.308425362063004638e+00 2.916580998804268354e+00 2.656292446844186195e+00 4.400219898040776734e+00 6.849045827562206812e-01 5.409993878098169340e-01 1.124488690618014930e+00 -2.398243132942730060e-01
-1.573540130945862980e-01 3.748315040999401493e-01 4.332851144707071667e-01 7.751152435884443859e-02 9.734170023039300235e-01 -2.885693544216821893e-01 -7.250287646033469757e-01 -1.033378532467194466e+00 -1.308228860003742000e-01 -2.755797199021398081e-01
-3.940350760958447052e-02 -9.136966725874388906e-02 1.874737481692543561e-01 7.380829474879720964e-01 -3.966102670108796746e-02 2.388000857150845757e+00 1.216820812725262213e-01 -1.235976009055150468e-02 -8.514526730696901913e-01 -5.938349576449286626e-01
-1.237682076239454920e+00 -8.668368074092585029e-01 -1.073448334261122072e+00 -7.406651452601349384e-01 1.553438405970216429e+00 1.892974110557495759e+00 6.053604436229205188e-01 1.557192265925907204e+00 -9.248544814081603727e-02 -1.537882263921534765e-01
-5.348005870638888881e-01 1.484076534478094289e-01 -2.179504360029087262e-01 -2.467466670496842318e-01 -1.208110898173365921e+00 -8.924475074415776366e-01 1.332047218777272501e-01 -6.693070049676710931e-02 1.939532928777453202e-01 2.606495158875443141e-01
