1.396848042192881667e-01 1.586524558933382290e+00 2.628304711948225569e-01 4.271582028476635096e-02 3.748226551999814249e-02 2.276060527141157697e-01 1.700189294819309582e+00 1.039603276278421529e+00 7.998504309820338998e-01 8.728388666726797362e-01
-4.897535951928380094e-01 1.736010316924299635e-01 1.209674451267964024e+00 -7.601470879458432917e-01 -8.238521274015359053e-01 -2.116220854212583991e+00 8.194334924780077856e-01 6.551845693878769472e-01 1.593768892332618758e-01 -8.252285981579349228e-01
-2.947526525123279617e-01 -7.671759007672921404e-01 1.068904585817826325e+00 -6.723623591074316952e-01 -1.135385891070126663e+00 -4.938095225064663696e-01 -5.816366637509682302e-01 -3.742321811569514489e-01 -6.920839124400439690e-01 3.928499617767090002e-01
4.367903680893967522e-01 1.194097042942226183e+00 8.977047573701493199e-01 8.336873379107433424e-01 -1.515716032351457354e+00 -1.215485883752106533e+00 -1.066465210617611181e-01 2.302194029851378498e-01 2.366265430858059404e-01 1.393938038921180289e-01
-1.635273514480403978e-01 1.237672665810227501e+00 5.669081821314779779e-01 1.986922062480245554e-01 2.125088352847408935e+00 -3.685510629314674436e+00 3.708825195986348300e-01 5.172056660576898057e-01 1.069605485014809121e+00 3.264923271008214334e-01
4.918194432138973671e-01 8.527960181531797357e-01 1.987468001328488221e+00 9.834271927957595194e-01 5.474337435781330141e-01 9.064454975443460016e-01 1.278249066634729703e+00 1.201438740565704988e+00 6.052448885884947893e-01 -6.121172141443989023e-01
4.295029461493091727e-01 -4.247858350194572696e-01 7.217787463811515813e-01 -2.878864411792221856e-01 8.452935129988440321e-01 6.687134259481273268e-01 -8.731843850438442134e-01 -6.991698462896764887e-01 4.501612737098117378e-01 2.027802280347588137e-01
-6.541647480591901154e-01 8.273061179499420492e-02 1.048768015528857234e+00 -5.819281819689835489e-01 -1.416240507342809041e+00 8.906962500916972003e-02 -2.049452140611829620e-01 -8.152361583703660042e-01 7.231589974087032635e-01 -1.329576778017670796e-02
8.717316891982382909e-01 2.930499252200300830e+00 2.167625817977750557e+00 2.160888233582356488e+00 2.742901615827160633e+00 3.386413799501518440e+00 2.501945489582702908e+00 7.363141697982706901e-01 3.741360512706900510e-01 8.842980081607897391e-01
-7.024649648079103192e-01 6.363265466565238837e-01 -2.439489059009053162e-01 -7.856492837374068339e-01 4.433022840002467935e-01 -2.655828931292813166e+00 1.346735271691355262e-01 1.150934106539171775e-01 4.031377304052817245e-01 -3.587582685176778918e-01
-1.576514993391849195e+00 -1.698888925389374638e-01 -9.145757025775774762e-01 2.120046730276478331e-01 -1.142495371811282245e+00 -2.392792615926569166e-01 6.426333826829511153e-01 4.853929676545477578e-01 -3.806797559743747006e-01 2.067323864314806192e-01
-5.586160216450050120e-01 -1.579675963753306656e+00 -1.157706823300082455e+00 -4.390342499522300046e-01 -2.131273603885413426e+00 -1.088711106735245293e+00 -4.059773584692409343e-01 -3.116322907421744115e-01 -1.278154872401730202e+00 1.214675966512645811e-01
-9.105084213140046678e-01 2.037654095540868959e-01 1.146036320316767831e+00 9.632972398650614387e-01 -8.273757368730905171e-02 -9.242180979250976813e-01 -9.848496801094347441e-02 1.546563106426290524e-01 -6.894060276251164909e-01 4.959699799475998927e-01
-7.109563443978490493e-01 -2.360651634537181742e+00 -2.060497364612073223e+00 -4.740811970786991125e-01 -1.281116696533818766e+00 -2.343923970437360893e+00 -8.862714931629351867e-01 -3.911042357861950758e-01 -6.578035889981765916e-01 7.769602216294502206e-02
-1.557183108641232439e+00 -6.966247268270064907e-01 -2.132689926038618733e+00 -1.512682394606300829e+00 -7.184393981419333608e-01 -4.248515240235176904e+00 5.012972476924327792e-01 2.216162789486434692e-01 -6.327900693738292004e-01 -1.100348423098022943e+00
-5.063822613398979433e-01 -1.357508664085644190e+00 -1.602009474831561420e+00 -4.889550687895009018e-01 -8.253222832394903064e-01 -4.335218601873035205e+00 -1.598607882316358308e+00 -7.142465823663732838e-01 -5.983883365419361278e-01 -1.135363590478894791e+00
-2.192439191461454939e+00 -2.411440599659852246e+00 -2.501658035758925980e+00 -1.826224930767599952e+00 -3.206125783811089924e+00 -2.018037937967329665e+00 -1.374494483968532466e+00 -2.035657985024725836e+00 -1.173891572415549200e+00 -5.312959159576257084e-01
-1.457609585233712868e-02 1.890079143602057532e-01 -1.221124813191456937e+00 -8.430635749996654438e-01 1.993517253531920108e-01 -3.525703659928395961e+00 -6.362474912384050718e-01 -3.257925707280188155e-01 5.447786578035563876e-01 -1.085838564227706637e+00
-3.378101860091887731e-01 5.010042643704901710e-01 4.598453685028246474e-01 -6.081234821290307790e-01 -2.058634374742784878e+00 -1.988890011878477138e+00 6.181978216232298928e-01 -5.043977555552534575e-01 -6.399908548625733440e-01 1.704017374252229100e-01
-6.409956195860143646e-01 -6.046173700416019869e-01 -2.081704171923298929e+00 -2.808899344260810116e-01 -1.046243036867591097e-03 1.742230267711897929e+00 1.433669952026346006e-01 -1.682833101492028138e+00 -4.048529878187457354e-01 4.325630187670771454e-01
2.236098047456612559e+00 1.309806659353048186e+00 4.222334517462510428e-01 8.258269251648490128e-01 -3.967110838221731828e-01 1.293753564038507553e-01 -2.804299995165997483e-01 1.072536785955509275e+00 4.356235537798861523e-01 -3.317457654745384898e-01
-8.168985553908734154e-01 1.254485340038721253e+00 3.214075614458970165e+00 1.476642220982550935e+00 1.997764349381543569e+00 1.725203236338416213e+00 7.264186437954748277e-01 1.432375023843821760e+00 1.582479947978253643e-01 1.760869029213644410e+00
-1.745389834494121883e+00 -9.341950437897551529e-01 -1.097843240721678715e+00 -1.094044797324717599e+00 -3.153559366918638140e+00 -3.295268538635029998e+00 -6.675181139781805051e-01 -1.484851038091197895e+00 -2.394329610273644882e+00 1.178937608331512843e-01
-1.568829468666534277e+00 -9.809236752286057959e-01 -1.400820784768428640e+00 -9.975825990150285483e-01 -8.120430495907212665e-01 -2.586217188445580906e+00 -7.217119710198531823e-01 -1.216499426278491169e+00 -1.068559201582835794e+00 2.596336293116378036e-01
1.196865969474706581e+00 -1.273434865442464314e-01 -3.345109738602766170e-01 -1.347779975096520033e+00 4.191010988526452929e-01 7.277370840848904621e-01 -7.095996920943746789e-01 -1.677937447533419391e-01 5.870887379875618928e-01 -2.367565541768029691e-01
9.727867124445648273e-01 3.151286797300659193e-03 1.108450453364779209e+00 1.935317482208180673e+00 1.641390444934477388e+00 2.824110872673287531e+00 8.857348892212266178e-02 6.720988553702720303e-01 1.880338406202452628e+00 1.578795092435167913e-01
3.028557303632199993e-01 -4.973141570114538168e-01 -9.176808809443038895e-01 -6.638220028302062037e-01 -1.299613855441341448e+00 -2.151607981676455061e+00 -5.230232818994972055e-01 -2.063102989085149996e+00 -4.154106956708524812e-01 -6.439591313216915802e-01
3.440243841625121313e-01 -9.109682343141456418e-01 -2.260480960031453712e+00 -1.810417768356396895e+00 1.521898494331838103e+00 3.069665022235658736e+00 -3.388450995132406551e-01 8.145040800498182243e-01 3.514236019521985166e-01 2.934526995221343332e-02
2.597306954458291628e+00 5.227949767572470652e-01 3.812982550196959974e-01 1.183685292165980618e+00 1.309957669643523059e-01 1.693949335523271538e+00 1.286440817393688762e+00 -4.583307303848890152e-02 9.538310689636667616e-01 1.250838280026247862e+00
-7.931579233063698608e-02 2.244770961610744742e-01 2.283467626001694395e+00 -8.254660678585977462e-02 1.655950913545048087e+00 2.455892102391738163e+00 1.166152470780402961e+00 2.383173603858421696e+00 7.677834784255538336e-01 7.476721512596006258e-01
-3.894659420805902661e-01 -5.767786861808258392e-01 -2.640806314629111085e-01 -1.900821068425736060e+00 3.568856750725755145e-01 -4.122908058419621491e-01 2.696710688338259665e-01 -3.166704014972721026e-01 8.683768380580561552e-02 -3.955261289918970274e-02
8.330803186609867517e-01 2.075443160339682236e-01 1.529378454521522546e+00 -1.799866832051478516e-01 -1.582931466745670868e+00 1.568787895823504863e+00 -5.710176863950185977e-01 8.116706013924648300e-01 7.581502281232382900e-01 -3.306094910103573037e-01
-1.093253231833331895e+00 1.644173355671864623e-01 3.262991741741523288e-01 2.523641660708005330e-01 1.091653391571794529e+00 7.848790697547137762e-01 -2.905690362705496202e-02 5.815670591309708010e-02 1.294081730455201473e+00 6.025410014010938037e-02
-1.256160564788843415e+00 2.874733223179312680e-01 8.542963272671751929e-01 2.981057878432790686e-01 -7.239966581644699528e-02 8.589417046348654106e-01 7.682415707490888868e-02 -2.559750052050054347e-01 3.525352578584294294e-01 7.079303368569208610e-01
-5.379419011872073053e-01 -1.361377864344424315e+00 9.559973063490605494e-01 -7.036363085117550709e-01 -1.780135261814703995e-01 8.886349041037140684e-02 4.314465342915189128e-01 -5.220771889373467672e-02 5.947937789610608927e-01 -4.516888824283012971e-01
4.323375579757963161e-01 1.719628700486435013e+00 7.005637479369968279e-01 3.338543239485364245e-01 3.660305278994969713e-01 2.036525503450136831e+00 4.742839348537590816e-01 6.543182127542734872e-01 1.393911360418328638e+00 -5.462343677357144739e-02
1.787772662333513285e+00 1.034755905107195950e+00 2.071307407270083001e+00 1.165839957794007731e+00 4.483309945704370275e-03 1.738079492803002335e+00 1.144784377583331958e+00 1.160004128693834957e+00 -8.527489143060511256e-02 5.176870880559011345e-01
3.165562751180668322e-01 1.266571650520485814e+00 1.431290079411082494e-01 7.553411580752534826e-01 5.428978096328325176e-01 -4.076713790440210719e-03 6.831449699162456257e-01 1.043164532877027595e+00 1.493131904556086909e+00 -1.154171733127195676e+00
-2.898837207049944631e-01 1.168745905319845263e-01 -1.094849678887709565e+00 2.570702615146714387e-01 -1.165828134032654839e+00 1.694679749481007858e-01 9.179050851377470455e-01 7.637370765354805080e-01 -9.004557858574006035e-01 8.960281754736444393e-01
1.720862708149633491e+00 3.008531905266320083e-01 4.050733061966781401e-01 1.579259032384179529e+00 1.400110559095776086e+00 -1.575810795326182401e+00 4.975906002719106547e-01 2.555944661059512124e-01 1.052895329925168211e+00 -9.164937060967525140e-01
-3.311815126350806660e-01 -1.049424721459104370e+00 -1.203042204596363129e+00 -9.031552499312917037e-01 -1.716210492297051138e+00 -8.311699649858198535e-01 7.508148108036231116e-01 -6.430996430379934958e-01 2.295625511467741520e-01 -5.567700580835116542e-01
-1.014794314650316887e+00 -3.584264267621091737e-01 -1.322460358748950959e+00 -5.793070550610791569e-01 -1.148025410222250020e+00 -1.852843880738292759e+00 4.949495306016368779e-02 -1.186143481617440099e+00 -5.171634082881483296e-01 -7.856183379325072380e-01
2.095171852544574165e+00 1.850512868845341830e+00 2.611766502920202182e+00 2.218804138943223148e+00 4.793235860146636718e+00 3.102996619864753391e+00 8.883860132190358749e-01 3.127648955479282566e+00 1.148070385992308262e+00 1.683947271458188233e+00
-3.231460233685681249e-01 5.182777330404604588e-02 -1.120830836716766532e+00 -1.079985355273007874e+00 -1.730254174078517559e+00 -1.632701908076473307e+00 -7.156330893861174713e-01 -5.774494235156021338e-01 2.069287670857016259e-01 -1.850045686905887610e-01
8.898836274989213591e-01 -1.202257587121160709e+00 -8.321645603087910459e-01 2.069842957910721648e-01 1.389599478935627186e+00 1.816454158658505014e+00 -6.631966406165600292e-01 6.821298917797661288e-01 -1.128647141188594327e+00 5.996040026462736705e-01
-8.243835467547626639e-01 -6.964001614100954196e-01 1.743767514756083381e+00 1.253831078220771778e+00 1.438670894734632055e+00 -2.574455349537565052e+00 6.931187169521317859e-01 2.246916474254597174e-01 -3.963382171617171323e-01 -9.494606460926319214e-01
8.319136399125089953e-01 1.014806860685778966e+00 -1.104712171278849908e-01 1.755109303263310494e+00 2.487504697934157072e+00 2.608319434433834516e+00 9.872607318139304811e-01 8.520519566384118781e-02 1.720671845896579732e-01 6.751293117391655718e-01
-7.427293038937463621e-01 -1.378888711148744672e+00 -2.018798087122407381e+00 -2.240890250166907294e-01 -2.995328981180339634e-01 -1.621516791103485344e+00 -4.848487997915569836e-01 -6.146773560189398022e-01 -3.513271150776801077e-01 -6.924959587947768780e-01
1.194614179526746200e+00 1.240429847937295493e+00 1.113223665508535909e+00 8.637725674114932195e-01 1.302827271631183947e+00 1.666001937771054431e+00 6.857269340801034341e-01 -3.506858011540630593e-01 1.127967755187294641e+00 8.777510325515947009e-02
-2.127781984494927781e-01 -1.518283071733851575e+00 -2.440372781065166752e+00 -1.550916680697226324e+00 -1.160934322312240807e+00 -1.508069465448974134e+00 -8.778477205417308804e-01 -1.568827578488642738e+00 -1.634912047817703940e+00 -8.805093468071715224e-01
1.916480797642978073e+00 2.773265878570305265e+00 1.238391684237005741e+00 2.674046624395136629e+00 8.958557407006900730e-01 4.031435744107069397e+00 1.243273494735954277e+00 2.405863949704856175e+00 2.941933862828046919e+00 1.648860422055608566e-01
1.203559815252931653e+00 4.653453213071784833e-01 2.432686374871366464e-01 2.853332876643047689e-01 4.126563883776292463e-01 1.778282857861182675e+00 2.324371783528566271e-01 1.918587730126173618e-01 2.167582811545903931e-01 4.393477192927529029e-01
2.469085332854326076e+00 2.108621205208708105e+00 3.359759253788985323e+00 1.613466657460320031e+00 1.461496687087714630e+00 -6.725365042364371826e-01 6.487649228098500975e-01 1.212677114363193143e+00 1.670724187914639725e+00 3.283257651818218270e-01
1.780852373929654453e+00 1.491861864025409767e+00 1.419470654567462242e+00 7.157548454135965743e-01 1.455501326518507055e+00 1.637069482552597322e+00 7.279359182777601633e-01 3.606379850649244490e-01 9.787478453952365154e-01 4.141206103192067722e-01
6.088268209245797369e-01 -9.941455580908089562e-01 6.202343821345192992e-02 1.910363322471227088e+00 1.034051584080536434e+00 4.788539055688921797e-01 1.793316485138470584e-01 2.264453035563581962e-01 -3.152384571545060465e-01 -1.361612725287401737e+00
6.028969770526050320e-01 1.844580563086753444e-01 -6.650092272087218537e-02 -4.936570838160213581e-01 7.784669567190428685e-01 1.000729482919673341e+00 -4.403813417807541652e-01 -5.090147314318002048e-01 9.935125581025093522e-02 -1.099197742567385339e+00
3.745859553275836973e+00 2.015862791703813439e+00 3.179836416855205350e+00 1.436535558808321733e+00 1.863936084520280145e+00 1.064370064470131050e+00 1.005091072004809627e+00 2.640820399985892575e+00 2.083731232702557890e+00 8.432212499156725993e-01
4.044599409870209827e-01 -8.961031037292825907e-01 2.841341745195499063e-02 -1.364182469454931594e-02 -5.675275191563848576e-02 -2.576271619988896422e+00 -9.626267636867280597e-01 -2.557181530294591720e+00 -1.789223622153367277e+00 -1.076423869650898091e+00
-1.608395457001390860e-02 -4.886116961143742166e-01 -2.614192573782175844e-01 2.341731335208145637e-01 1.643623119954063183e+00 6.281807841761796185e-01 -1.042087396946578537e-01 -1.250257628007864108e+00 -7.587468614782305609e-01 -5.857124831990472291e-01
-4.130257389404205781e-02 1.226985690554024400e+00 3.690510813519236044e-01 -5.812260797285174752e-01 6.123130155518549667e-02 1.569109123232559799e+00 2.635259670088338502e-01 -1.580944311280504250e-02 2.448835515530063678e-02 6.200287933405318475e-01
1.146102502281510116e+00 -8.648843685866866582e-03 -5.975326356721838428e-01 1.499592780694138927e-01 6.137454046027036592e-01 1.040587533316146063e+00 5.122395700570352428e-01 -2.080396504429861126e-01 -2.166612630884342527e-01 5.104229001728735060e-01
1.027471916026907017e+00 3.964119454420571009e-01 5.115156209019112721e-01 6.663783919960456492e-01 1.030210994178672568e+00 -8.471262837884861729e-02 4.471036043365319568e-01 -4.954822599872631822e-02 7.287993990623932439e-02 6.950635124359416661e-02
8.289267155975116319e-01 1.037289571106574382e+00 8.238320806639078953e-01 3.516977967472750821e-01 1.625971816245124435e+00 2.749755995865464375e-01 3.881791280369975006e-01 4.956835966328296261e-01 9.811436958610120218e-01 -3.018886979687984001e-02
1.887725500305418969e+00 8.652276688745543787e-01 7.259055557708894435e-01 1.253935622835212316e+00 2.033358401472949772e+00 1.571114293718751442e+00 5.367085475469809408e-01 6.867507345446256517e-01 7.474210368789018233e-01 8.693281132534541600e-01
1.668463007012112476e+00 8.880972626371970158e-01 -2.614157028495096013e-01 -2.611733396421116460e-01 -8.472329241891520812e-01 3.990453544206054914e+00 2.247609358294120063e-01 3.586363629442244627e-01 6.586463143518196395e-01 -1.426413059692948293e+00
1.594516578475130952e+00 7.991365254839449817e-01 1.642439611657601661e+00 2.111626019355042239e+00 1.379642149673806051e+00 7.121255507276368357e-01 8.505281717221772064e-01 9.323732887404176939e-01 1.062159187822217410e+00 1.019290870029970320e+00
-3.445820952620270994e-01 3.007400117679677742e-01 -1.968803872527214338e+00 -4.717463373111708824e-01 1.303277269458459620e-01 -1.265768278096808475e+00 -3.545554907689547619e-01 -6.490890485164212409e-01 -9.104789044752094052e-01 -1.431047360875983276e-01
5.440750911174235815e-01 -3.343573278981210040e-01 -2.216799079135701955e+00 -6.030033158431195028e-01 1.184504616574982405e+00 2.900597606543660056e-01 -1.365181646094574264e+00 -1.154920774953815066e+00 -8.251876213956033101e-01 -1.089510351450208026e-01
1.126971785703517304e+00 1.110853966481244015e+00 1.130478559855206067e+00 1.283587164513404266e+00 1.040421869637432328e+00 8.862433289010419601e-01 4.314429391574213790e-01 1.027941967178917171e+00 1.941493652045205742e+00 3.412412759970372966e-01
1.713251727904202548e-01 -2.074595978926712658e-01 5.266588828340881129e-02 -1.877072345472475534e-01 3.019904677730192444e-01 1.143596324086784799e+00 -9.170882934488219784e-02 2.268483936552060515e-02 3.079604474701967409e-01 1.032467201952804170e-01
-1.880484033231302476e-01 -5.106270370689028892e-01 -1.680638897810562693e-01 -5.247147659911229889e-01 2.379239960038923130e+00 1.089911284272192971e+00 2.008496261644596159e-01 -4.757803070919621735e-01 8.229920954870310057e-01 1.869588484170653930e-01
1.172896421519793231e+00 2.648973773788692587e-01 5.912120421346435117e-01 6.578487278351661249e-01 8.558321621736695306e-01 1.239749154204585313e+00 -2.132849858025830658e-01 2.924882456121897234e-01 -3.281927175657765039e-01 3.830209485516571366e-01
3.599461142448147077e-01 -1.819479221293634486e-01 1.813706477276361972e-01 1.679418862986968297e-01 -4.894581791680525096e-01 1.235892707639490107e+00 -4.509764181651758075e-01 3.235008829467546088e-01 7.132249087188842485e-02 4.796443064669471124e-01
3.700498392475043419e-01 -9.160579305169787023e-01 1.800636385669883155e-01 -1.420006310408312489e+00 -2.280739616012707582e+00 9.771360815885669071e-01 -2.829243595035409453e-01 -1.513906677516704047e+00 -3.489972386447609543e-01 -7.271331399981391108e-01
6.237886638674799977e-01 -1.279052412421053608e+00 1.390365181422147600e+00 4.829605870677551593e-02 1.134767243791013902e+00 -2.756760329856058345e+00 -9.848172911063599044e-02 1.016292387354378102e+00 -2.701511211698041648e-01 7.999932016887791042e-03
2.094387718745791993e+00 2.619948828316438494e+00 2.508080450776864812e+00 2.012438974219036059e+00 2.826482053501846892e+00 3.922935252940368489e+00 1.523752840746035231e+00 1.843892033128079477e+00 1.802089698251736261e+00 1.751587114510344989e+00
8.214260442184863065e-01 -5.083308851693166819e-01 1.640929243994939002e+00 9.418213566903113065e-01 -1.822212772480787280e+00 2.580198507886100501e+00 -3.627166783767076796e-01 -1.837091028509736101e-01 2.944243082922724519e-01 -1.343400568879225432e+00
1.024244033473002080e+00 7.522934293345822088e-01 2.376655647244147129e+00 1.162437809364336605e+00 -1.795685623182614321e-01 2.844156306757621877e+00 -3.242368328870854355e-01 1.735624385791110225e+00 1.520602804672806174e+00 -2.131609128910290085e-01
1.195215680596468433e+00 8.163659125007969308e-01 4.718551414614696737e-01 3.626021203954593597e-01 8.830448751960248144e-01 9.168303382719428241e-01 1.117079384996011726e-01 3.727589544204162886e-01 -1.330359940925850970e-01 3.324664275381312151e-01
4.951830748761897327e-01 1.751413850716744713e+00 -7.275283187548099439e-01 3.726852821216091738e-01 3.512783094133228867e-01 -2.139392351885978538e+00 1.057262279927362547e+00 4.302447670834365079e-01 5.977928159543657305e-01 2.368239698177582842e+00
1.285701162751665461e+00 -1.697620548219871961e-01 4.127345731461400935e-01 -9.365978934809017220e-01 4.210445310441353617e-01 2.833892613023812901e-01 2.145559965137740499e-01 2.680868031082843106e-01 6.116955344765940827e-01 4.912344485761499513e-01
-4.311235265054144117e-01 -1.829250529207960274e-01 1.389717367082322408e+00 8.748792561067533224e-01 1.812822226961350106e-02 -2.847982360722732809e-01 -2.028246214067376263e-01 -1.147292217586489249e+00 6.717416790667640747e-01 3.262074005954938155e-02
1.553938838099980124e+00 5.578603549865702727e-01 1.632461129514637177e+00 2.150334442926784995e+00 2.791116613193783458e+00 3.023921280040628545e+00 -2.959303257644008700e-01 5.906778408448986051e-01 2.280040068290600797e+00 1.775265057039437377e-01
-7.929646490347385113e-01 -3.721756497166499589e-01 -4.404563092986588102e-01 -3.319065702593362310e-01 9.866445932532633134e-02 7.510361155669148525e-01 -7.057704268881114240e-01 -1.572776501764605372e+00 -1.855600244855695191e+00 -3.813038375533707169e-01
1.300364228672563627e+00 -3.562941100848435183e-02 -4.073130907208163398e-01 8.412143927123233444e-01 -5.732237230032463660e-02 6.961746677240928660e-01 -1.103930018877788299e+00 -2.683624424238201245e-01 2.928073101091512032e-02 -5.435915122121847548e-02
1.730969308363499159e+00 6.616085280766400567e-01 -5.464696503687754836e-01 3.782519645086131477e-01 -8.161131418119599301e-01 1.029789339232157097e+00 -9.416003912888201710e-02 2.418464704021802414e-01 1.015457198727058863e+00 -1.022859330383029564e+00
7.017499672822561374e-01 8.241086276925810861e-01 9.102486615376598200e-01 2.335065097882824958e-01 -9.247489778093125751e-03 4.562489509480542882e-01 -8.802637399675780627e-02 3.909354635650817977e-01 2.842693770272787801e-01 7.973275935703136863e-01
1.486929518346972845e+00 8.710785745673678138e-01 -1.907661093201966362e-01 1.335602167876436264e+00 1.983023880502793768e+00 9.222664923979674231e-03 -9.780736553535968048e-01 -5.792352499273498712e-01 -1.465761097698191628e-01 -4.796762266053573587e-01
1.421060651060893409e+00 2.677814994777549806e-01 6.825504798182878696e-01 1.071316024021440994e+00 1.605944884073575940e+00 1.526293056061968745e+00 9.287455512055683982e-02 -1.165385872527840150e-01 2.112277782026514839e-01 1.009328839133129430e+00
-5.981100117729718502e-01 -1.678340495667108634e+00 -5.681367883989106859e-01 -1.707038309565996448e+00 -1.892444280020776581e+00 1.828325000083266039e+00 -6.005151181959754725e-01 -1.059594311315412929e+00 -7.738137263711150071e-01 -5.108867757966992773e-01
6.236001231322860217e-02 -1.282834163530122362e+00 2.316169149665647797e+00 -1.519885459119348081e-01 4.059555359162100863e-01 -8.763993218328859358e-01 -6.688378589916744721e-01 -1.619527215507597928e+00 -9.586354317831368155e-01 -1.664328605951621576e+00
1.054443674079513560e+00 -2.639970647988838098e-02 -3.183263276407468090e-01 -2.474657534126110947e-02 2.068870554242178417e-01 1.116875614905654457e+00 2.315448592232996761e-01 -1.390299395737650379e+00 -6.064017006642484497e-02 -5.809661051709710256e-01
-3.009582430112690554e-01 2.562002082973434125e-01 -9.130251121565008399e-01 -7.113342823382822200e-01 2.342312834838263524e-01 6.338366930193012339e-01 -7.272650376421946339e-01 -4.692082794923913003e-01 -1.652570434677787525e-01 1.069175579651974184e+00
-1.769229247512364767e+00 3.616470954665266802e-01 6.525409850607130080e-01 1.183669433268315752e+00 5.570480640358917990e-01 8.736846507999080913e-01 1.270819188580622594e+00 7.989325331814574049e-01 -3.595963648649018740e-01 7.980121218195505017e-01
1.699425515082542415e-01 9.012560305435626251e-01 -8.292730734065891784e-01 -8.109014336490304176e-02 -1.246776120745956451e+00 -7.729493968115588309e-01 -6.157951596136616024e-01 7.247909938236649086e-02 -9.410354592465943746e-01 5.314151685993518948e-01
2.619351918059690476e+00 -5.248669836543624623e-01 1.263188182032408680e+00 1.944188046613220644e+00 6.922979433839897556e-01 3.014365927361655206e+00 -2.371820584935882825e-01 4.489958520989955071e-01 9.665069606738657670e-01 -4.699504880162536091e-01
1.775983854109620008e+00 2.119094228619127218e+00 5.573021031829368255e-01 1.572723618548490521e+00 3.930878678242066271e-01 2.670235862193482301e+00 1.011011510312665118e+00 3.888478582921863769e-01 1.601854487844105890e+00 8.228669200716900445e-01
-1.044000089406169174e+00 -1.018929733195381049e+00 -2.797221498459959488e+00 -1.426164906500223095e+00 -2.077360793733866728e+00 -2.062181848985523036e+00 -6.909075133373994149e-01 -9.817151752038546508e-01 -4.657439330618788620e-02 -1.873992704421332256e-01
1.067206925037476273e+00 1.787301442916507110e-02 6.874660708802914355e-01 4.503351692315497590e-01 -3.328686294862011619e-01 1.622567261878856915e+00 -2.643085384317754305e-01 7.776094792588356119e-01 5.525380908385432166e-01 -1.605092855291341825e-01
1.624044137106254837e+00 5.450077120541327869e-01 2.506965209188377397e+00 2.395620556014117497e+00 2.612279704263426261e+00 3.971568745841960624e+00 8.311549710791642509e-01 1.790977350810462054e+00 1.217823032929568061e+00 5.421495940229513755e-01
-7.619428661613860676e-01 -6.178250348388846236e-01 5.426013527548040338e-01 -8.964955162430119362e-01 -1.855457388120806295e+00 -1.993623977131370184e+00 -9.138297513589942467e-01 -7.655419987328265785e-01 -4.509168089401858759e-01 -9.220697878845893758e-01
1.360270905564680222e+00 6.049915163838519572e-01 -7.045917811391573249e-01 3.093136553402179856e-01 2.032238649295999178e+00 1.910303606851888825e+00 5.927491197267924505e-01 7.180669765725393727e-01 1.027127284235073379e+00 3.230183339343716264e-01
-3.866098476666161021e-01 -9.954108624351185597e-01 9.157819136475852106e-01 8.215246348743028559e-02 -1.457487540260701264e+00 2.785348157092526922e+00 -9.849486651686488736e-01 1.543965270310093674e+00 2.072856807217360320e+00 -1.426252412383345880e-01
1.272560793732809170e+00 -5.204768230968591647e-01 -8.167154379261712949e-01 7.109951602308046958e-02 -5.115332190289140213e-01 -8.715651751930241220e-01 -1.070612143961418572e-01 -2.479636397735643649e-01 -1.312264677521570277e+00 -1.291276295880569247e+00
-3.208642955365514915e-01 7.085155997314750154e-02 -1.100960983173039809e+00 1.696114288982565610e-01 8.709083902528752530e-01 -1.081096746179295298e+00 -4.198927293341331857e-01 2.751455102882269799e-01 -5.395542394137829989e-01 -2.803988625003299151e-01
-6.482998323083246639e-01 -1.514056091658158687e+00 -4.076502532771066889e-01 -5.029959334566342921e-01 -9.633631041100653158e-01 -1.698318604165105716e+00 -1.315686180113437020e-01 -8.905210908065233633e-02 -4.899832729240535811e-03 5.192995373830570083e-01
6.557892525601234368e-01 4.541954858082283830e-01 2.075422447866930309e+00 1.240754728927551565e+00 1.323665781483248427e+00 3.210856649608711866e+00 3.477002621431964924e-01 3.859877056075508017e-01 1.177177108207144940e+00 7.391792866991230282e-01
3.365806938972024098e-02 -2.397019476685260941e-03 -7.629374268172245399e-01 -1.402267902441175773e-01 -1.032991041105534302e-01 -1.185637975780222675e+00 -5.976416325089837223e-01 1.994372665545120216e-03 -2.192652623038432447e-02 4.416502165512493083e-01
-2.144510473729712707e+00 -1.627528883184409692e+00 -3.521943273570809385e+00 -1.667056743793085216e+00 -2.343688126161486807e+00 -4.157344509342560279e+00 -1.531992682338944700e+00 -3.016406990255724896e+00 6.931596585113974918e-01 -1.641454144642353175e+00
-7.202109465370105656e-01 1.198315483351515970e-01 6.337965569063596094e-01 -3.590754355260630803e-01 -7.322979841321114458e-01 7.965313469463773319e-03 2.550136145828938439e-01 1.046263139890997840e+00 5.393450235382967195e-01 -1.491829473322977551e-01
-3.659336941158212175e-01 8.576450905940631309e-01 -8.405275101563508544e-01 -1.077854847873340738e+00 -1.165339847103626258e+00 1.103225368653372312e-01 -2.782840271201434401e-01 -6.956117576026847882e-01 4.976897325616110035e-02 -7.231943198004580076e-01
1.136155486494352829e+00 -1.501725105309279495e-01 -1.603042572102875374e+00 -1.788149443889247792e+00 -2.280658696068410263e-01 3.342095062518819937e+00 -1.046672520360137915e+00 -1.497386445270559863e+00 -2.240928657371064892e-02 -1.804044439516265363e+00
-5.268234923072658837e-01 8.049274087615872209e-02 -1.224531787598817090e+00 3.422955144881279499e-01 1.136831735655125630e+00 -6.190821699675416179e-01 1.254893285832859418e+00 1.707311017439384848e+00 5.784645944341850754e-01 9.281218941991280502e-01
-4.330584293232752069e-01 -3.329707482678091468e-01 -3.217442110816859380e-01 -5.981262683068754304e-01 1.152276747341519192e+00 1.767515941443347449e+00 3.334860460145879224e-01 -6.865446033964939243e-01 3.411817551038417440e-01 1.711658044709839510e-01
1.217226722065532840e+00 1.408336251815629492e+00 2.119698650756332903e+00 1.208891512231860116e-01 -1.111334617854104811e+00 3.428967211206631838e+00 -1.271872403425084244e-02 4.331706802490236652e-01 8.552420661967047311e-01 -3.035571349969993227e-01
-5.391713136477485069e-01 -1.169956125486360188e+00 -6.117595277567633438e-01 -1.460676373531346384e+00 -2.785003669328690812e+00 2.500906184269327870e+00 -5.812784794794059740e-02 6.762727486248090170e-01 1.061928340870573334e-01 -3.298415345879514987e-02
1.485773998320950806e+00 1.236847993845972132e-01 1.432038367956339986e+00 7.100501415925773996e-01 2.385975311478855332e+00 -2.987106060174936850e+00 4.302561944540229111e-01 6.486831496859140067e-01 9.528971465932634111e-01 7.249481680353789814e-01
-2.200890828454268033e-01 -1.815341049450281963e+00 -3.040995946248970516e-01 -1.135949971119638580e+00 -1.728206364516694515e+00 -8.784145556908364849e-01 -1.386788297082030663e+00 -1.265533049849869807e+00 -1.597709764158280699e+00 -2.602414727208014478e-01
-8.477476790513756022e-01 -6.216553932729760312e-01 -6.551029126930054680e-01 -9.836701302121221291e-01 -8.658440835011135261e-01 -1.296497744545570319e+00 -6.368667858013992156e-01 9.145640914113536968e-02 -6.851758247185638639e-01 9.107034155873928727e-01
4.211020789455788282e-01 2.759401570977677853e-02 1.692032011269680947e+00 2.383456649083099121e-01 -3.785105879209978430e-01 -2.328189180761990773e+00 9.831646105204157049e-01 6.961708652994822444e-01 -1.156013232988615386e-01 1.031937849487341463e+00
8.177865968730626545e-01 3.742207640885489295e-01 -1.640890568454060061e-01 -2.555018051887211206e-01 1.162153113228118206e+00 -4.420107510670910622e-02 -5.290534005598089839e-01 6.489910225644133224e-01 -3.267670924993392734e-01 -4.393221248685817981e-01
-5.470511716116559509e-01 -7.744965391172883296e-01 -2.004081823743912416e+00 1.413543713742240415e+00 -9.059615289093397861e-01 -2.131711097630463403e+00 -6.317419867252274668e-02 -5.424173258871117786e-01 -9.464327134115478601e-02 7.041271285900764232e-01
5.586913397240157453e-01 2.144074113243669366e+00 3.174520428896095314e+00 1.762012409326743301e+00 1.642598673130372999e+00 6.132240069308668495e+00 4.053761826155594661e-01 1.023727948955938993e+00 2.790284405273762758e+00 5.090208827757698451e-01
-4.279138588270047228e-01 6.065057538187262898e-01 8.344126898626311739e-01 4.799623066476749189e-01 1.539550574987985865e+00 5.310417487762169486e+00 -3.773177890746849950e-01 -4.991349667448632260e-02 4.842922263842011077e-01 -1.859419328493903678e-01
1.520660534309878464e+00 9.241964155251942981e-02 1.848897986649613856e-01 5.264533906489045068e-01 9.934082871954276195e-01 5.255674398366714239e-01 3.989610584083008171e-01 1.305994983296725753e-01 1.805005532279988500e-01 3.328000936140916299e-01
-3.714320070221880377e-01 1.272413097825581541e-01 1.609404439051554669e-01 1.561724245771007047e-01 -8.317866377414756540e-01 -1.488719013837903171e+00 -6.562085929873405776e-01 1.140646927379506126e-01 1.090363586307186772e+00 6.180629229459885243e-01
-6.650287826262355484e-01 -5.123358310624188672e-01 -2.469893366637548049e-01 -3.589529931380840422e-01 -1.090985327116779091e+00 -1.999615595472241436e+00 -2.914977066185611698e-01 -1.259671344943650517e+00 -1.745657816935812789e-01 5.594295365821968513e-01
1.199913750643755384e+00 1.537886950842598743e+00 9.198608521560240892e-01 1.393695952327144383e+00 2.297149261643608234e-02 1.961651397518190398e+00 5.928305476859955236e-01 1.307343831926655486e+00 1.080398646498355930e+00 1.226077717525297928e+00
-2.480643664499551648e-02 5.431176279730023371e-01 1.161941327665384216e-01 1.557370495608108307e-01 -7.350577991550532042e-01 4.207586805231914084e+00 -4.018443573861321672e-01 1.094664997933213035e+00 1.109679945670528856e+00 -1.037488933200245267e+00
7.836172977943889340e-01 2.356994917815115720e+00 1.568199363056278273e+00 1.055150891092814680e+00 1.878087260213185727e+00 8.390088927433873023e-01 1.179020543475035321e-01 -9.850971677438438712e-02 1.225681528512031493e+00 1.323430410574677474e+00
5.131309403456415508e-01 8.234138488282976009e-01 -5.280622746434661119e-01 -7.602401209948265182e-01 -1.224475258061963334e+00 3.948928827483013659e-01 -1.087188132804260743e+00 4.781764420790594050e-01 1.191947909814685680e+00 -6.428553088432321649e-01
3.672010729325556611e-01 4.523622320830333332e-01 -1.402912298279785475e+00 -7.035140245497054634e-01 -8.134218899991013663e-01 1.150041619757417477e+00 8.254886003870856581e-02 4.438539209382149631e-01 5.257259741474559211e-01 1.004849725733908405e+00
-1.178339847011608210e+00 2.723285214538218590e-01 -7.808559395847179951e-01 7.160998259158819768e-02 -2.364553465691216494e-01 -2.965529720236789402e+00 -3.315212140598296497e-01 -1.849922583771499207e+00 -9.517413521602637871e-01 4.334151692788857507e-02
9.732907453396821840e-01 -4.149852739548506864e-01 -2.055532321068418711e-01 -3.881656901720808572e-01 4.915330779701912456e-01 5.256053456361232945e-02 -6.995571799526070778e-02 -4.516948261965400002e-01 -6.563390708460593581e-01 9.493933194858514280e-02
2.066248104664189511e-02 1.748936046937076827e-01 8.233071440681992703e-01 8.622626166171100393e-02 -8.881689942506150182e-01 4.301573804732272133e-01 -1.035303484982203814e+00 -3.660015377423100208e-02 -2.194836837131484975e-02 9.958582695895433767e-01
-1.158785673972737573e+00 -1.235633279666840778e+00 -1.219106453125151202e+00 -1.026052670377985837e-01 -3.230719238048531672e-01 -8.910170642296735277e-01 -2.514353132394674950e-01 -1.473383243452146329e+00 1.712025430046126839e-01 -4.535927024305268507e-01
1.034353067502081780e+00 6.601778120886885315e-01 -3.153187105302177745e-02 4.015755248283994217e-01 3.384974159674211669e-01 6.762465276256258706e-01 -3.098658182694959962e-01 -4.179656356989916999e-01 5.743181037355701846e-03 -2.850351029384820545e-01
1.104249641571140472e+00 1.811266623140968535e-01 7.756462057743087612e-01 2.901612246661879890e-01 -1.048426984613004320e+00 2.249851618300527711e+00 1.966273829179605859e-01 1.810411529641938466e-01 9.089116941789897597e-01 6.823596335130895918e-01
-3.169619361072775199e-01 6.261038043145643606e-01 8.534191042514790437e-01 7.052901693057328503e-01 4.454644500101144211e-01 -1.261666414324772445e+00 -1.695510376847684242e-01 1.558926731319124070e-01 7.200653242769343709e-01 -1.133467873165999062e+00
6.040068223159077432e-01 6.534695736153681711e-01 -2.333233433627258380e-01 -3.800684370344884488e-01 1.382682821036200327e+00 2.232687455586711778e+00 -8.176313406978358289e-01 -2.373067773111373902e-01 1.780380974075942979e-01 7.438323911466965255e-01
2.377437720527487919e+00 7.445374362852669181e-01 1.679625920670849482e+00 4.868217210023180197e-01 4.138367040194960711e-01 3.546005962089956220e+00 -1.387753962325212198e-01 -2.326005510893442152e-01 3.935148405431737051e-01 -4.125608930323555468e-01
-1.192781309731727246e+00 1.164160087214890366e-01 1.298311881177793392e+00 1.839920943342420623e+00 1.157844965396636949e+00 6.855348301770382013e-01 -4.290346240195573868e-01 3.689862681967378544e-01 1.145524306202526210e+00 -3.538872393039338982e-01
8.108464000619248768e-01 1.468156769533288442e+00 3.325759890530853191e+00 1.159273019042552200e+00 2.804426775948878792e+00 2.779780760161935316e+00 5.873948284369568951e-01 -6.655176008388406783e-03 1.219649138032480096e+00 -1.335878660659158612e+00
1.180439555954151842e+00 2.349644540037512663e-03 2.298315787005563937e+00 3.250411365017734644e-01 -1.278797791449664822e-01 2.302767394499539488e+00 1.128943601659412044e-01 -7.529529998999180407e-01 1.407018605344062978e+00 -9.130415684304431512e-01
4.031511652538740664e-01 1.180196932942547239e+00 4.401042648465859353e-01 -8.141449572808865387e-01 -2.733772121902025565e-01 2.015446565783641564e+00 9.202674359289533812e-02 3.044505422386075688e-01 3.248549233189325092e-01 6.963738241717020161e-01
1.542425372245773252e+00 -1.547413613564564416e-01 7.788732277617417266e-01 1.617152293976039434e+00 1.404016973582199679e+00 -1.175516163007945591e+00 1.203539635319090140e+00 1.195484615399786454e+00 -9.243031897947472098e-02 5.537469299303682257e-01
-1.378272368807459125e-01 -1.211987850448652315e+00 2.933464981534454896e-01 -4.834925415717424846e-01 6.039299534682948667e-02 1.238123376957062538e+00 -1.045057165468257887e+00 -1.045651547922433089e+00 -1.580744885516485176e-01 1.023189932408530012e-01
-1.534495160621763277e-01 1.396741425568968298e+00 9.312145210642294724e-02 7.443961139318363562e-01 6.558598938388768840e-01 -6.005105054917118934e-02 -2.307366187657898526e-01 9.405031846569005261e-01 2.693757345093493738e-01 5.926965860893587124e-01
-5.535241945031627031e-01 -7.457402205633736347e-01 -3.034664455166411923e+00 6.981887441472559575e-01 -2.246259850120363666e+00 6.546468787359639441e-01 -3.670360960844243348e-01 -5.143943942669856328e-01 -1.218474154054308034e+00 -3.877366190112948585e-01
-2.701118351973834653e-01 -2.606116092234456172e+00 -8.552324263326663845e-01 -6.876423535191690251e-01 -1.651290244020722442e+00 -1.497758908743082484e+00 -2.339030562565763471e+00 -1.809458852661066430e+00 -4.823568357363522408e-01 -1.068633248593169771e+00
9.841963771914691295e-02 -3.619540025018914142e-01 -4.020642791154389606e-01 -1.659859685668652940e+00 -1.050011864915709747e+00 1.938286266360218058e+00 2.957104009183255111e-01 -8.504100963102925181e-01 -1.551354539306277758e-01 -6.570456872033177964e-01
-1.175621174950176595e+00 -5.940502426093181576e-01 -2.425962326390910390e-02 -3.314168523035062597e-01 8.374324884616545228e-01 -1.116588183622649000e+00 4.525253412430851330e-01 4.943713422990487771e-01 -1.121295780695838573e+00 6.821459400342720913e-01
-4.148640298616813882e-02 -7.940340039749697043e-01 -1.142314699447525506e+00 1.272467293187944604e+00 1.385868092319192391e+00 1.118423479337668835e+00 -5.426353227922079414e-01 1.129597194066834509e-01 6.078277291351346090e-01 -3.347268022748258742e-01
2.636464275992204787e+00 8.487051134098166916e-01 2.709748406451784053e+00 -1.416528393862518942e-01 1.330243206830028724e+00 2.143420725583549569e+00 3.257740418401449678e-01 1.812633612619059253e-01 -8.090370074544721568e-01 7.247952745762538118e-01
2.089218010813435722e+00 1.480770941513663619e+00 7.772661475976688772e-01 1.036108010362714493e+00 2.450528892310641638e+00 -1.521922042116282681e+00 1.583745357029929579e+00 9.078446196129342782e-01 -4.629245822971958524e-03 1.102397104739258893e+00
1.069412527387335832e+00 -3.363891986933761902e-01 8.829917439795009759e-01 9.208852364360210763e-02 -7.817458207883968280e-01 3.139373857683645852e+00 3.667653220306106854e-01 -1.950764555140340750e+00 1.142841291636912615e+00 2.367459215642728765e-01
-2.997011003687505282e-01 1.009691478303022860e+00 5.696425269316359730e-01 7.676312495997320573e-01 6.920223916382962637e-01 1.102136289594311869e+00 -2.515370360915100689e-01 1.918825269900410191e-01 3.694884685057620022e-01 -7.197726239044598406e-01
2.255849986467020618e-02 -1.427921272453672064e+00 -9.983402454566731032e-01 -1.583418210079829969e+00 -1.118645824254353105e+00 -3.035511642155479972e+00 -5.637895327872197160e-02 5.218163048103696688e-01 -7.530252694926663493e-01 -8.879723768460828781e-02
3.718690385380327701e-01 4.169052055822730640e-01 5.018900133882729930e-01 -1.065606354255396043e-01 -1.107924831704623081e-01 2.347027698566150455e+00 2.896739557594901204e-01 1.440134416249656546e+00 1.584890367162416380e+00 -7.797947408740533992e-03
1.738293900923477686e+00 8.784786068225345357e-01 1.765423422734812453e+00 1.075689160267981226e+00 -8.270857476545590004e-01 1.482500315565846050e+00 1.578877330998620585e-02 -7.315403713212197401e-01 4.977104910248535963e-01 2.055020985503338005e-01
-8.029498597457052078e-01 -8.116325311985816970e-01 5.114089642534171837e-02 -6.638503336537906474e-01 9.870796171544334863e-01 6.330870847006745405e-01 -3.874333362434471684e-01 5.601281932081316750e-01 1.033304101197297931e-02 1.006326225264664309e+00
-5.941969608889253740e-01 3.190532482847643903e-01 -6.971088357279030534e-01 -7.920998408817660208e-02 6.517088756347714229e-01 1.268339724835841675e+00 1.843855429070046792e-01 9.054752685852773819e-01 -4.267140245524506659e-01 8.530077547689607353e-01
6.763081345809822675e-01 1.853160107916434374e+00 6.413744079636127249e-02 7.510702706559901909e-01 1.455382617060551720e+00 -8.990007720423335291e-01 7.053441814368099916e-01 5.927415881756163962e-01 8.949595864757815544e-01 -1.503722168443731577e-01
-2.016660430211740795e+00 -1.948045483878535267e+00 -3.065796205651680761e+00 -2.195458573002994740e+00 -2.546939316271575215e+00 -5.934334127406298842e-01 -5.680677286483628574e-01 -1.088036376363573199e+00 -3.110332051121601715e+00 -2.543083109530048347e+00
-1.247623275038397095e+00 -9.775144929450790832e-01 3.767351791921477733e-01 -3.438602029694391993e-01 -7.694056550678346484e-01 -1.426206121196881282e+00 -5.256140099690426171e-02 -1.108319425934372882e-01 -9.292178625207230258e-01 -1.603088386663633069e-01
-1.632439179975464949e+00 -1.551140440315075530e-02 -2.164586520809772541e+00 -4.804247175604233755e-01 -2.173111453478276278e+00 -7.327842974325872172e-01 6.056142895736630338e-01 5.715230671153685993e-01 -5.195827066057122634e-01 9.791863325576112276e-01
2.995741902515804078e+00 3.093982152908010264e+00 2.084610222428655568e+00 2.873436089487694911e+00 3.581675254036726486e+00 -6.773177677892261439e-01 2.960303269681018090e+00 2.493644256326136510e+00 2.248607073767702857e+00 1.369724114729454101e+00
9.875850703547215392e-01 -8.874854800131938282e-01 3.937601612390784211e-01 -5.276283345185891482e-01 -8.409324895198574956e-02 -1.640726390685525171e+00 1.647781194881883515e-01 -8.502309446859058761e-01 2.469285616959999985e-02 -7.418954703226875447e-01
-1.052569637383811152e+00 -4.044290775435961938e-01 -4.811398680281526175e-01 -9.399422443939976501e-01 -8.200294512049134399e-01 4.857860491521558188e+00 -8.484746158212171929e-01 -1.336226838794680516e+00 7.403247131139593096e-01 -2.286973539217354301e-01
-1.303212872749684337e+00 -4.374779624389187327e-01 -1.732524035424845843e-01 1.352271187676942876e+00 1.058395020239912609e+00 -2.889967432658148372e+00 5.908768241818772582e-01 1.452656071464402787e+00 2.827713999889641672e-01 6.756603347001037818e-01
5.325971377854349376e-01 -1.161313255093243901e+00 -1.100800785894485712e+00 6.568612290104390850e-01 6.768209008412290340e-01 3.119411566071166764e+00 1.280576205739192064e+00 -1.036197448661655196e+00 6.444411177174703687e-01 1.461536503924419361e-01
2.619752476647826400e-01 -1.122483992026372501e+00 -1.481509238812592333e+00 -2.892296844486804686e-01 -1.745495639674743193e+00 -1.407158795315807565e+00 1.052766214074441764e-01 6.109955439790104581e-01 -5.668867555583733120e-01 -4.417736984025845692e-01
-1.102281379058057231e+00 9.168698326541180332e-01 -5.648017135954268575e-01 -7.317612861187420270e-01 -9.394612238551757200e-01 2.160581313113881130e+00 1.611545293187375272e-01 -1.018393165402285527e+00 3.946913488099668132e-01 3.679085898854747017e-01
-1.775697723937091688e+00 -4.680931454729247987e-01 -5.162114778326037934e-01 -8.818355055446218393e-02 -1.178062008542814398e+00 1.412456702638750228e+00 -7.822418111184648026e-01 -5.316056595274841756e-01 1.015009179456972804e-01 -5.691159880056696485e-01
-2.123336531303535502e+00 -2.551774888573580036e+00 -3.306049363627993287e+00 -1.333619612352582084e+00 -1.237205369720328685e+00 -3.068018057689096967e+00 -8.506841043710319239e-01 -2.163992238799869572e+00 -1.423134894153439634e+00 -1.441461848162605586e+00
-3.979059239239004508e-01 -6.780459783653073336e-01 -1.323519149724220245e+00 -1.504869458588590225e+00 -1.844710154970150340e+00 2.331764812417104760e-01 -8.393284421868484335e-01 -9.723974553243122654e-02 1.188776036949480697e-01 7.342546947113431921e-01
9.570321730170006091e-01 -4.523778815815522880e-01 3.308342773708157769e-01 5.843891748987619650e-01 5.940279454261550018e-01 3.847514383936184723e-01 -1.898581596391940851e-01 -7.981618613954535313e-01 -3.089902624365049588e-01 -1.673113991405998924e-01
-9.141914795258971882e-01 -1.486921239480733403e+00 -2.958577066198812222e+00 -8.076887366721646755e-01 -3.250744761512268433e+00 7.681655410209205226e-02 -8.127550484815068144e-01 -8.365514061496726050e-01 3.472131688808872685e-01 -9.851588950831652314e-01
-1.839469722019560383e+00 -2.643419051179721535e+00 -1.894157438912825731e+00 -1.238423037601786625e+00 -1.417906796762002264e+00 -5.560082935977519014e+00 -1.735839200808380056e+00 -1.192720752627752123e+00 -2.779130766950164144e+00 -1.731596857002787093e+00
1.924889848416999616e+00 2.204839701494873960e+00 -6.425472750621431528e-01 -1.415730215919976498e+00 1.807610794697736667e+00 2.112660609253471655e+00 9.169336725821745082e-01 2.236762910728192555e+00 1.644332403570667900e+00 -2.351208039758083124e-01
1.867403318585432626e+00 1.913696729473452485e-01 -1.963729629810017918e-01 9.695413951861573398e-01 -3.143608054798740503e-01 3.309721386160185297e+00 8.735311229014752765e-02 7.559351650254625410e-01 1.625996618926753179e+00 -6.283513159037440454e-01
5.018313947541434006e-01 9.063699576824087167e-02 -6.425625382787050754e-02 -3.633862168640232260e-01 5.364695990992521257e-02 1.555552123078388638e-01 -1.768826815289816778e-01 -2.340174602199024678e-01 1.293092820890612948e+00 -5.459889857063743301e-01
-2.047925265725454580e-01 -7.877820872954242049e-01 -2.511362116230625996e-01 -9.180941521897865998e-02 3.464984510114060279e-01 9.594526428565017806e-01 -1.554667410105101677e+00 -2.314005056649471204e+00 -8.060415467058145156e-01 -1.405306585803222541e+00
-7.402508262266052630e-02 -1.143841129018331459e+00 -1.471062053637765432e+00 1.775902476053416168e-02 -5.276619882707480613e-01 -2.905308932581911918e+00 -7.840556040218317202e-01 -1.229338339684318715e+00 -1.803768355132432610e+00 -7.049646470229563588e-01
-8.479976677306161337e-01 -8.007454623762709778e-01 -5.431160621244162101e-01 -1.477535315352395129e+00 -6.997728716465289045e-01 -3.342507848900856615e+00 1.013575613487377014e+00 5.605826518613135079e-01 -3.981703882994268306e-02 9.421074734117264038e-01
-3.653112852764642815e-01 5.748233658348823605e-01 7.089904950401987316e-01 2.327392756377086591e-01 2.206922902754001825e+00 1.260309267639943442e+00 2.915500887381770045e-01 4.740516179395919405e-01 1.009256916485441608e-01 5.071644324601373155e-01
6.195961452339575626e-01 -1.741471284361163496e+00 -1.347676395338424760e+00 -6.895876848676593118e-01 -1.485590616930856811e+00 1.934621066366948305e+00 -6.000424350834846488e-01 -1.271383507218125208e+00 -6.217271423636111516e-01 -1.290836105161382807e+00
9.598857036758841055e-01 8.009594009607613752e-02 -1.077819983952365557e-01 4.648337924650628450e-01 1.218056898439157099e-01 -6.964174395057687317e-01 -3.442357320844193214e-01 -1.066155033313424427e+00 -1.046184615925378258e+00 2.862181501884578649e-01
-5.755364360557188030e-01 -4.568858053725633472e-01 -8.603502882846959521e-01 3.238798181649949481e-01 -6.255940119361743657e-01 4.505209820147907940e-01 6.793075719482138952e-01 6.344778102708074075e-01 -2.035239756275305512e-01 1.450602362604902940e+00
-1.122373229925975047e-01 -3.506573176424616634e-01 1.175326715937440591e-01 5.748267310399971519e-01 2.432230736043484998e-01 -1.647552523596315543e+00 -9.494300013480493350e-01 2.659482086271848511e-03 -4.992363687468001077e-01 1.309690291220307889e-01
-1.413181646193180985e+00 3.365620507851201926e-01 1.892907107921666610e+00 1.329214924758585603e+00 1.665857592699268919e+00 1.905185638658073000e+00 7.243724660726199582e-01 7.966805738555566840e-01 6.515277710832764191e-01 -4.640275408450154071e-01
-1.061827058509477117e+00 -4.362454131782544930e-01 -1.269942978838553005e+00 -6.603289255752466946e-01 -7.771775419497134463e-01 -4.076766851682506854e+00 -2.549884378701218757e-01 -5.286720697951177161e-01 -1.014695210825697469e+00 1.395677710597585941e-01
1.310307868064505277e+00 2.664667081349023192e+00 8.246999371248794342e-01 -8.007620033704176965e-02 -5.652938722793381388e-01 -7.971194136314346812e-01 8.186141963050844739e-01 -8.047934451969870340e-01 -9.480551852623984865e-02 -6.309047971927062015e-01
3.393487164643101961e-01 -1.179655990392417308e+00 1.232211347053135952e-01 9.595699749823695390e-02 8.295146807432892677e-01 1.516474798629637855e+00 6.912719174641449582e-01 8.009230295521884146e-01 -6.890924718452577646e-02 1.469423559512856858e+00
1.073410236875978141e+00 4.147405279433858394e-01 -6.406338090963844545e-01 8.896015281281791642e-01 -1.356779760516999112e+00 2.535305295682468874e+00 -1.020346928795420327e+00 -4.682782824323446225e-03 1.274502606180188513e+00 5.308513625907230332e-02
9.853540668818177028e-01 -2.058161338388533879e-01 -6.757837088489879185e-02 4.021259543934072589e-01 3.530417331575834150e-01 1.735653145610344783e+00 7.683676137010909679e-01 1.043854975564181276e+00 1.031293127304523161e+00 -7.809417506378881768e-01
1.741902780793122885e+00 2.478569724278791853e+00 1.798770698380556476e+00 1.255255418166988379e+00 1.887556107664408456e-01 -7.137137231127542725e-01 1.336784366652764566e+00 9.886502962815266748e-01 1.540704507533226408e+00 9.445444114771858191e-01
-8.526558723585320188e-01 -5.702210608927007485e-01 -2.873090148040730707e+00 -7.859411535007536365e-02 -2.755279970132774370e+00 -1.467369830253478113e+00 -9.610404070479533489e-01 -1.255007186792255647e+00 2.292003383447860365e-01 1.344203881680875678e+00
1.218258217647059105e-01 1.314740591440986206e+00 1.360887248789713233e+00 1.296818860581020749e-01 5.929365561665947970e-01 1.663045459586313557e+00 3.400114724927160714e-01 -5.198434076863023279e-01 1.075561140326976695e+00 -2.303805993245076067e-01
1.044951745762078721e+00 3.422855506861976482e-01 -5.266425592899735136e-02 -2.312057348477512264e-01 -3.665149571703673059e-01 2.215100457488277108e+00 -1.005438846744848569e-01 -5.539986092641113746e-01 3.727899639071547977e-01 -2.973522402987408553e-01
1.470920814066595916e+00 2.024022057532318897e+00 1.385809802565127757e+00 1.273127737935679793e+00 6.571934166142824330e-01 2.216728865388640113e+00 1.953655124412900512e-01 -4.231055234037253143e-01 1.940439999312276953e+00 -3.556977850384143158e-01
1.086982862676391992e+00 2.388190553874824928e-01 -3.715866162420824459e-01 -1.908116742172435432e+00 3.112021825419431509e-01 -1.393616606423118798e+00 -3.281666333745677511e-01 -7.888000973820443740e-01 -1.027037855613700756e+00 -1.988324529158606579e-01
3.224968330510062930e-01 1.170852867410674625e+00 6.716924592666613236e-01 1.811729604427093909e-01 1.881904002990859581e+00 1.466037397161014215e-02 1.870599854234045734e-01 4.621591419653728328e-01 5.613755522431637113e-01 -3.676990802269887726e-01
-9.838739550956963065e-01 -1.245386269850147665e+00 -1.887104165391462640e+00 -5.356966577842060540e-01 -7.067725580827247667e-01 -2.649663042535892021e+00 1.227920639245395185e+00 -6.081311886624476415e-01 -8.911312401599832400e-01 -2.300383610904661036e-01
1.115734713793445076e-01 -1.021774654538626370e+00 -1.595405882175970902e+00 -1.021425101202401819e+00 -4.626505363080566369e-01 1.734338528832600312e+00 -1.212905013037421098e-01 -7.689815607595198443e-01 -4.174978534536584740e-01 -6.448279920378515717e-01
1.370823264257919449e+00 1.902129123933571142e+00 4.235654271893906642e-01 9.128533836149398395e-01 1.993797992768784055e-01 2.470451022272461383e+00 5.571961532790611349e-01 4.840543263201739221e-01 9.869724791416131238e-01 -6.234943574527221921e-01
2.884068472935267247e-01 4.934949995953205604e-01 1.715974955011588365e+00 3.338091533032636615e-01 1.460665280771653363e+00 4.296997245197429760e-01 3.040499973093052088e-01 -4.616808671535047592e-01 -4.003085038636439164e-01 -4.471653418966698434e-01
3.490139578435987877e-01 -1.109330559335411914e+00 -1.681420553913071547e+00 -9.452779335096475055e-01 6.588241263354838173e-01 -2.643335162804632876e+00 -1.259367191439829392e-01 -2.474302322571058976e+00 -1.279740785147194027e+00 -9.475903870881229318e-01
1.217859749825074278e+00 -8.026874227696190189e-01 1.289881670185776041e+00 -2.240765717940672308e-01 6.042202880940208964e-02 5.961961512660185480e-01 -1.217182263379544271e-01 5.172281245049718118e-02 -5.294305795828073424e-02 -8.136284616972424555e-01
1.727157990027092138e+00 -2.884662580541390020e-01 2.320834221584134049e-01 -1.071791094159610241e-01 -1.813824696091026700e+00 -8.174697339962987419e-01 -1.135424613235497482e+00 -1.207057809188023301e+00 1.690076892334788083e-01 -1.874176271749972145e+00
1.442602692464457270e+00 2.094547218105604625e+00 1.383425874190967964e+00 -5.265229861170592773e-01 1.617811865338832922e+00 3.040466642158660804e+00 -5.721758411248349940e-01 -2.833459647254372715e-01 1.507920237027871702e+00 -6.207858684492056911e-01
5.276883393976735670e-01 -1.914677935028327171e+00 -2.059500516223818245e+00 1.544413461076630467e+00 -1.085743941501911225e+00 -3.032484616564458113e-01 9.777693948446210953e-03 7.989038987587889773e-01 3.831084593871814659e-01 -8.729343837875725987e-01
7.188629408548001809e-01 -2.013655221091214198e+00 -8.601240041078311860e-01 -9.323877530416649906e-01 7.073091328419317536e-01 -5.912918792029108195e-01 -4.213395587704996115e-02 -7.802125225269345155e-01 -1.788807441424820288e+00 1.701440602558799697e-01
1.079612147986709125e+00 3.510488691828499430e-01 1.670366072211767333e-02 1.315911571853740414e+00 1.933333964513088421e-01 3.024126160217398329e+00 1.309191270503886895e-01 -5.049912984710680508e-01 2.962021497514656376e-01 -3.783750730154100683e-01
8.590973419964738067e-01 7.402899497636807880e-01 1.385953917999190654e+00 2.459283695964299687e-01 7.624991157453661073e-01 9.991158096937718947e-01 -6.334878473256880804e-01 -2.339247196540454043e-01 -9.309619687066575944e-01 -5.414897807833151111e-01
-6.097152530722876884e-01 -1.116644186298737657e-01 3.239343521295071082e-01 7.697784863806361733e-01 -1.864374998324246080e-01 -1.359456008067261523e+00 -1.109709196500415773e+00 -2.824527550719745927e-01 -2.691733478172221861e-01 -9.149169706157732618e-01
-1.030057375613399273e+00 6.186121998550443701e-02 7.503481261600860597e-01 9.031237420090070245e-01 4.160506464399305049e-01 1.699015064144352660e+00 1.286805094908515912e+00 4.852209090806223202e-01 8.282195132593832554e-01 1.169488185976080841e+00
-1.047480496350627066e-01 1.628329324911180209e-01 -1.808439308940429147e+00 2.197152267930775060e-01 -1.861553328956119913e+00 -2.152330032006110283e+00 6.230562560443219100e-01 8.621485716134513755e-01 7.837610260977805055e-02 1.008421698131225508e+00
-1.551989770219622589e+00 -2.442561009818658757e+00 -1.329726684656246105e+00 -1.986081244545742919e-01 -1.454109700490473500e-01 1.153376179944802349e+00 -7.609542112042896322e-01 -1.347781134231992750e+00 -2.022059297107841602e-01 -6.549406336814119767e-01
2.334855619637600910e+00 7.481872000619880225e-01 9.772663281002224034e-01 1.415819171651699071e-01 -7.748283340841527478e-01 9.727296002045545675e-01 -2.240045541289045483e-01 -1.014961154084284223e+00 6.195857543773249931e-01 -5.600800703755499654e-01
1.742065439712578101e+00 1.748489333879904128e+00 2.481393475093252921e+00 1.727703042281037771e+00 4.277581931559962247e-02 -1.032573557252668313e-02 6.364571469735017528e-01 1.097236783808283878e-01 5.328066428584392611e-01 1.228750520282093778e-02
1.438257719545019908e+00 4.854944961448481311e-01 9.064165412585416526e-01 5.345472410880617309e-01 8.746333841583237012e-01 6.293506636847522318e-01 4.130084549662241811e-01 2.856767922125846293e-01 6.214353160722390079e-01 4.384086764049772711e-01
6.987519339489181025e-01 1.487696692057556724e+00 1.666646006626556265e+00 2.465448378250915118e-01 -7.090422652025222261e-01 -2.606043466250527185e+00 1.243815649302192072e-01 6.994509825993674990e-02 3.979952573436215113e-01 4.374824872032748863e-02
1.023105816826491932e+00 -1.224295089770146117e+00 6.577833434605907525e-01 3.208244780525825179e-01 4.240834453281882022e-01 -1.855161999444152388e+00 1.227142827103446576e+00 8.508294238300923018e-01 -7.547347833625709379e-01 1.164072808886571497e-01
3.412804941583132967e-01 -1.684555551205899393e+00 -1.313210849775591438e+00 -8.348065255826542241e-01 -1.133320590297047348e+00 -9.037473279427873374e-01 -1.689652697618778537e-03 -2.320661321211592021e-01 -1.170340008703376178e+00 8.217885338496472292e-02
1.101799102824628118e+00 7.818101315505048277e-01 9.407325948679780003e-01 -6.003939287775365008e-01 4.601676708236711044e-01 1.016420534196837977e+00 -5.069722681954583754e-01 3.794397317475395326e-01 -1.674347276082843727e-01 3.597263831308695758e-01
6.257625970190152653e-01 6.132313627478584994e-01 1.496254047362679085e+00 9.589765551922245779e-01 4.053971535820063976e-01 3.301000474967028531e+00 3.734558282324518252e-01 1.304932326724280944e+00 1.079390815872918852e+00 6.229315058847745279e-01
5.956194347143710655e-01 1.136408106498338677e+00 1.190773570092635847e+00 5.683450987586262659e-01 9.388272221945978546e-02 6.532687234262178899e-01 8.246341897216208361e-01 -3.636186880357681894e-01 3.885366656640255045e-01 -7.572423482783013915e-01
3.354186591945317319e-01 1.483686822107592063e+00 1.405747769862576435e+00 -1.008610067474474542e-01 -8.151301134843899066e-01 1.870322939302397902e+00 1.023336038091209543e+00 7.968851768133743407e-01 8.187286966460786963e-02 1.324303272994503400e-01
-2.164175207467126327e+00 -1.351471713617957260e+00 -1.437791606500686825e+00 -8.267475499314146381e-01 -1.730861151978248857e+00 -2.534972665119371804e+00 4.769310390490792972e-01 -5.937857608174614693e-02 -1.181580171563632042e+00 6.203242274772352571e-01
-9.738163655392737539e-01 -2.056793613835187884e+00 -1.692065587235205282e+00 -7.720341715411955727e-03 -1.517062029560455050e-01 1.058302369069026083e+00 -2.869351148288493691e-01 -1.676104714343873703e-01 -1.105606766838911209e-01 -7.689759991510866644e-02
2.274551133249177681e+00 2.443037929117130691e+00 1.323042840335540982e+00 1.295330692924818061e+00 1.219745760746335783e+00 4.191572860815661272e+00 4.894844929166292657e-01 -5.966980696552147689e-01 2.525886270440704795e+00 1.507165843599732602e-01
9.723153354046657482e-01 5.999966383413781745e-01 -2.265186594757988559e-01 1.518714080931428567e+00 1.434925183930407522e-01 -4.452313404145328279e-01 -4.632891477410551739e-01 6.541535841768081339e-01 8.255034149565405877e-02 9.865192547539479717e-01
-2.415467168922169339e-01 -3.145039013277484141e-01 -3.957570063565077900e-01 -1.474646686361148207e-01 -4.664160865515644128e-01 -5.899868439147935850e-02 3.364715371938542532e-02 1.823891559545741392e-01 -9.530811456595421338e-02 6.310975790384365514e-02
-9.628792084585597877e-01 -3.566686837424603018e-01 -4.957177698984839287e-01 -3.955339405576396850e-01 -1.017207482564753462e+00 -1.792653832877265652e-01 -5.220298606189912594e-01 4.340881651577503941e-01 4.112683931786038638e-01 -5.403869096766833469e-01
7.344312593132993339e-01 -8.578284157933407927e-01 -6.461041610416032865e-01 -1.776399497231653912e+00 -1.861946380818415792e+00 -4.213319249542802680e+00 -1.799255735724411664e+00 -1.218902459744543032e+00 -2.301570642680648593e+00 -1.444895280493490475e+00
8.913848326713240677e-01 2.926020874260714666e-01 9.158480981006692501e-01 4.832027932926465930e-01 5.214888240649504514e-01 -1.619852127387896745e+00 -5.165178846155292769e-01 4.351662065820911529e-01 2.698411877722607655e-02 8.799495925945580721e-01
1.393204150135592068e+00 1.910285810621319635e+00 1.572449626026373615e+00 5.152051299872274503e-01 1.275838229325413797e+00 2.139190087222953895e+00 1.057611378634609328e-01 1.692366615346948266e-01 1.389422017896173811e+00 -3.449838891764311216e-02
1.863620114875552403e-01 -4.738107825869058432e-01 -7.750136486599992769e-02 -4.147823856137521359e-01 6.139873574257440625e-01 3.091651732804047148e-01 -2.581918257344553713e-01 -1.984545581487468791e-01 -4.825249596368049732e-01 -6.222985063533135186e-01
-1.858943077428643509e+00 -9.694158676251254381e-01 -4.670970802099141395e-01 4.300354087247810209e-01 3.967687668498590114e-02 -2.570891010401813670e+00 2.587871118788341307e-01 5.671240999225501955e-01 -7.074982311006457192e-02 -4.030140359714844966e-01
-1.400770312128121642e+00 -1.788031410086823092e+00 -1.953973557592621146e+00 -1.768094554148917696e+00 -3.674785514503768447e+00 -4.053269845107808633e-01 -3.230995086694046781e-01 -5.984122426779658888e-01 -3.678649104705793427e-01 -1.741270661487018256e-01
-6.978899233981156192e-02 5.959816286241037542e-01 -5.671720092083135656e-01 -6.075210676643890695e-01 2.337513315201046993e+00 5.214483536866556079e+00 6.722785076866565346e-01 -3.952714191859917348e-01 5.445212908643424221e-01 -1.151459320138453535e+00
2.914958740164820483e+00 1.169931391636896967e+00 7.815214848464810959e-01 -4.438415727388074217e-01 1.064224550208819897e+00 2.933266412601521989e+00 6.805167254278464695e-01 -2.889824866911036572e-01 1.508474337940335364e+00 4.709038531066964128e-01
-3.762387924661730887e-01 1.666067427489795749e+00 1.124145208237976368e+00 -6.658347028876966389e-01 -1.388361173913039259e+00 1.887159641809226907e+00 1.718183011529625034e-02 4.889516494945149727e-01 2.328357619966459957e+00 -7.253289558682208815e-01
-1.459795554009531982e+00 -6.709092864007882850e-01 -1.041379527390152493e+00 1.880023701598934338e-01 -1.209714817283631838e+00 -7.172147872988349215e-01 -1.277387664964868996e+00 -6.685382126776793221e-01 -8.938290477584222016e-01 3.539268003705543508e-01
3.632942950690785100e-01 4.085585144830559123e-01 -5.625026545577712644e-01 2.562841125309638368e-01 -3.217734474440417380e-01 -3.746831183958240885e+00 6.304966250655416049e-01 -4.693436207818692946e-02 -6.860785122949337733e-01 2.155486369726900553e-01
-1.412288955519864331e+00 7.827916853409184750e-01 -1.373388720226336845e+00 -6.797069992372885006e-01 -5.278828800519982378e-01 -5.404388812287152177e+00 -5.298892193097018422e-02 2.145246354211336470e+00 7.338531657923954565e-01 1.366472747070846649e+00
-5.488716139670817284e-01 -2.249515685889788563e-01 -3.109020086870075694e-01 6.475934430319568724e-01 8.611493359682357296e-01 1.774877858092038352e+00 -2.643936464607424264e-01 -3.287722347169535486e-01 -4.602533005589765081e-01 8.667442808977120494e-01
-1.407048825874241960e+00 -4.956186472772732277e-01 -8.370197625078681369e-01 -1.038672299645615915e+00 -7.430308157470626451e-01 1.678222600138143061e+00 -8.571914019460274980e-01 -1.480683011483688305e-01 -2.559238562541451545e-01 2.854608112269169107e-01
1.470217412388695299e+00 1.421573770386956870e+00 1.236172039909169129e+00 7.958858911403799974e-01 1.838397747745862398e+00 2.858244768761386112e+00 1.141939452690869272e+00 2.821885066361333738e+00 1.319241756067746518e+00 8.983667668458700239e-01
-7.051545003022566260e-02 3.237806163939539739e-02 9.190993892483431127e-01 1.075877650066040969e+00 9.304073574920711520e-01 -1.202066357520078954e+00 5.469475713666215322e-01 1.092029402777358049e+00 1.722957397589746309e+00 2.444770399492086188e+00
6.130053406998170473e-01 6.873830530639201131e-01 1.989755137757541981e+00 5.765961109585472366e-01 1.483325462232805148e+00 2.822150229321874537e+00 -7.742000296575631824e-01 -7.106144690401371422e-01 3.152766481771950846e-01 -1.153614516663866718e-01
1.091486389059337148e+00 -8.634017628208494333e-02 -9.601210585520240093e-01 4.664982524712706913e-01 3.614048281933221474e-01 3.488840480407762179e-01 5.779104236038971054e-01 1.178283844132230085e+00 1.521166915930684649e+00 5.567874148091883635e-01
1.543983971661229138e+00 1.132633106704519443e+00 1.782042263733695453e+00 1.350803119225909343e+00 -2.176793668259227321e-01 2.809347917661271232e+00 4.365831746238565958e-01 4.499528624264643173e-01 8.025796504465833037e-01 4.753641239052509571e-01
-2.047062504506807767e-01 2.268472590659031396e-01 7.010547920239007524e-01 1.697868705015645185e-01 1.319078295369031206e+00 2.499532643336482285e-01 -4.240664309491704587e-01 3.353677756844783975e-01 -2.478724641698222264e-01 8.135852125395283407e-03
6.524570646825368359e-01 4.942449134458729021e-01 -4.797156342368530391e-01 2.115975141007588045e-01 1.092062068430046162e+00 2.497694875592774977e-02 7.570659959872958478e-01 -7.220300586218295624e-01 6.337989254026741293e-01 6.256988271815718816e-01
-1.168570170383592677e+00 -1.092370083555098015e+00 -3.273598013335883294e-01 -1.308641495405630684e+00 -1.829457826206975390e+00 -3.949184234155013740e-01 -6.537101654823959107e-01 -2.041144448675774881e-01 1.669581681931633921e-01 -8.157471044126337612e-01
1.094734244729331341e+00 9.878792625031189711e-01 -6.660112555453504557e-01 1.413404432946731459e+00 -3.203649652215253413e-03 1.077869933985265538e+00 2.503555340135774077e-01 -1.678873260501268228e-01 2.569138395118490403e-01 8.591605096559558064e-01
1.600828053690559916e+00 6.013639012549746310e-01 2.442073094040408954e+00 6.392573110606957210e-01 2.601780016989075239e+00 2.482523958449128987e+00 2.688977946557424281e-01 5.725532182719190732e-01 1.031661736579732924e+00 5.800157598602229125e-01
1.839857665872242531e+00 1.766919346011217140e+00 1.609461480557121238e+00 1.260621225844222648e+00 7.797452407382812201e-01 1.886811042638126823e+00 8.381930697380399198e-02 1.068974890900983299e+00 1.891235070781581706e+00 7.871118412111864915e-01
-2.518903673928983844e-01 -2.270821612835743908e-01 1.092621633812528081e+00 3.089875257701921729e-01 2.100042238860719557e-01 2.356559003830553944e-01 1.242480029301328059e+00 1.213234830288207888e+00 -6.772864156429202476e-01 3.801340185806637573e-01
3.898169028244451439e-01 -1.196230132760225828e+00 -8.169510222603758587e-01 -4.855355514938912709e-01 -5.988617297612923718e-01 -7.899598581617496285e-01 -7.297865276102141752e-02 3.109902610869161865e-01 -6.071063552566384747e-01 -6.155488580288254186e-01
-4.685041048621131354e-01 -1.070777977672267678e+00 2.431113020957567372e-01 -1.149394780896168866e+00 -4.640667483566972007e-01 -4.209326718492180319e+00 -2.655559071125271689e-02 2.056299523379454097e+00 -5.403766266425066855e-03 -2.668648168664681242e-01
-2.114865814146085765e-02 -3.440749953476558987e-01 3.881911464826442448e-01 7.827298438263806668e-01 -8.017269417359212946e-01 3.043746576102332124e+00 9.954526848176772913e-02 3.760831424163845749e-01 -2.830205724367533815e-01 -7.438186552556130815e-02
-1.887152933827100088e-01 -3.763974065057487661e-01 -4.661952212862261608e-02 -1.406742752354346759e+00 6.849062489635041606e-01 -1.667726624112121359e+00 3.922262546440758446e-01 7.157073864336469526e-01 -8.324754601564644529e-01 4.248292235929945204e-01
1.575541807019644747e+00 -2.809988353697638608e-02 9.002230715376184911e-01 1.200118242260257873e+00 -4.883759906558873820e-01 2.607271575026390842e+00 2.926707580098334427e-01 2.445702853414037092e-01 5.444875026232472992e-01 1.312719736695056733e-02
6.015201542353464381e-01 6.088508150075021552e-01 1.401168316998127050e+00 1.690705523325047865e+00 2.325719183284409297e+00 -2.352918102406466261e+00 4.767718389768446641e-01 -6.790760864063996594e-02 6.794730662189313319e-01 1.288577184649349672e+00
7.636436573880431844e-01 8.864501131892097430e-01 2.931164973809688989e-01 1.317249055455953721e+00 1.043962368012280040e+00 9.704174973196517673e-01 4.148315041558838789e-01 2.559817546537822563e-01 -1.648159718026431797e-02 6.377550683789429131e-01
-7.640374475703664015e-01 6.618063979314151579e-01 -1.834833674046763841e-01 -3.856281690895618786e-01 6.710195070168254450e-01 6.400223163980351959e-01 1.022868906532633515e+00 8.002022309803198397e-01 -1.408082785701668671e-01 1.426010359912099457e+00
-2.727430964413903869e-01 -1.388586136278279204e+00 -3.902892016493733074e-01 -6.002029741378048788e-01 2.838290423637481186e-01 1.332663029737309879e+00 -6.745581365236313909e-01 1.226280384728563044e+00 -8.550133193011527633e-01 1.913572384048434216e-01
-9.157656403519267574e-01 3.228960191403630331e-01 2.417842810316104540e-01 -9.500833230381218186e-01 4.427755077335881473e-01 1.178314189251208788e+00 -1.821586182357126937e-01 -6.098098214823051144e-01 -4.758275094284987183e-01 -7.274992653265510700e-01
1.599894963371880197e+00 5.603527129166827603e-01 9.879689441124562821e-01 -1.908146857734251745e+00 -1.000746601768909061e+00 1.069892775968057208e+00 -7.622075528314128934e-02 2.231482310091235932e-01 -4.609091550070955057e-01 -8.356216973415717675e-01
-8.799688826887111515e-02 1.678081666563005503e-01 4.267363479390503533e-01 3.703203930284351131e-01 9.878821716087268223e-01 -2.322901442760020529e+00 9.084204115245214650e-01 9.900006643785679294e-01 1.064318445988091250e-01 -7.146679142038068200e-01
-8.560226578077553827e-02 8.211345621481989099e-01 -5.275177778758726177e-01 1.202798700601357185e+00 3.491150868230480375e-01 2.512595850659840924e+00 -3.420650585994449711e-01 -2.018736309131154094e+00 4.792642416947782702e-01 3.365136404484225796e-01
-1.086354856193084417e-01 1.873481328177663552e-01 1.869942491772288218e+00 3.042174290207128040e-01 1.404328467460769669e+00 -9.449825603855838141e-01 1.564048721778673157e+00 1.634761500842671467e+00 6.391669303637904642e-01 2.600800339391309279e-01
-1.149816645434207141e+00 -2.055311503090542224e+00 -6.439612086551578241e-01 -1.376734515864575625e+00 -1.616307379782713882e+00 -8.316060020311474288e-01 -4.413496103345458943e-01 -9.234884445237659945e-01 -1.287899591263093946e+00 -1.050855494938911283e+00
-6.726309251735167472e-01 -6.690521986135314902e-01 -1.473702467495396462e+00 -2.075717253200112467e+00 -1.602908813342429850e+00 -5.990803141195126802e-01 -5.736930290291160084e-01 3.352662172235211513e-03 -3.280476056569077703e-01 5.308461068438384833e-01
-2.861144455345802085e-01 5.483429811727831282e-01 -3.468002468229330892e-01 -1.267576790486295346e+00 -6.123151145948046992e-01 -1.201922253519859707e+00 -9.525826781394745035e-01 -1.552327824831987391e+00 -9.954032082458060815e-01 6.604924450264072489e-01
2.155411439861488976e+00 1.060454424873423118e+00 1.408978637974962034e+00 1.345353215618518172e+00 1.453162138909250167e+00 2.312578961278708434e+00 -3.567047717664648121e-01 -3.291288521163961839e-02 -2.358204286003268146e-01 -9.857378465479543772e-01
-1.658203589438207448e+00 -2.823200380115340025e+00 -2.741911512069797219e+00 -1.920866033353265445e+00 -2.217363474721277150e+00 -2.908139926635539219e+00 -2.062982688091452133e+00 -2.008882537113670264e+00 -1.924443623015000160e+00 -1.834320989401848623e+00
1.115397500666110320e+00 3.887925801609064536e-01 6.089360236093296352e-01 1.341119819717613515e+00 3.839716974330123489e-02 4.662178970639877740e+00 5.728986252375442567e-02 -3.025716077573934459e-01 9.569617529638160258e-01 6.847779562852865931e-01
1.268056812206981299e-01 1.157254869680418796e+00 3.402370316557796759e-01 7.562704699573246508e-04 5.835597426991887549e-01 6.410101729554643413e+00 4.892864469207577893e-01 4.747915085722733686e-01 -8.555236660240030933e-01 -4.329407136000152923e-01
1.177507015590671724e+00 1.479952322728965153e-01 -9.646813513091593295e-01 -4.379149801414655707e-02 -9.921455622118924289e-01 1.519409180439989404e+00 -3.392348597093823304e-01 -5.605648380490665245e-02 -1.200160038359769699e+00 -1.386913590037853750e+00
1.277712697744239456e+00 1.370716527709473498e+00 -9.751696432722020691e-02 3.292863423134730905e-01 2.113986428706951859e+00 -1.045888999663628693e+00 1.044297229928094761e-01 6.755181361195303769e-01 4.298290172593000058e-01 -2.599936639439023311e-01
1.618658839510036529e+00 3.739817729313085759e-01 1.984732604418236956e+00 7.346282373786884312e-01 1.491933523827100982e+00 3.828975114093598364e+00 8.426560844705445197e-01 5.917538864471932891e-01 4.611718335756222198e-02 1.301973331749914364e-01
-4.842841679995570914e-01 -5.123152255256955279e-01 -1.098667471965026454e+00 -1.488961858067754385e-01 1.706204699449844764e-01 -2.874690029442065864e+00 2.094664274233413448e-01 9.591679255401455162e-01 -4.623368797403862862e-01 4.084858014021142125e-01
6.927408540752771904e-01 7.207224553443023485e-01 -6.017804276231524252e-01 -7.168437933963544006e-01 -2.031513300840236125e-01 -7.121107428111433935e-01 2.944426398568890657e-01 6.610237236277030082e-01 8.023096493149325381e-01 -5.732015217885819691e-01
2.825522877801034394e-01 -6.389506609662555237e-01 -8.380816699990893959e-01 -4.466345044971013478e-01 -5.403034507506331297e-01 -2.872260834899055482e+00 1.572907958000435480e+00 -7.370696010562219902e-01 1.275691514512632130e-01 1.189699312344525861e+00
-4.893861892005597625e-01 5.348116816999706202e-01 4.430999664271657590e-01 5.100314245871625518e-01 -7.358984917853051977e-01 -1.766563060374441996e+00 -1.158912929510161893e+00 -1.419070948485336991e+00 -8.774661434361775703e-01 -4.436747314733838765e-01
9.574202008304459888e-01 -3.017130216605358184e-01 1.824487413036888661e+00 1.336287547700443890e+00 -1.920459172336402565e-01 3.132065870674030972e+00 3.593445187344208591e-01 7.555689716408541257e-01 1.281499752076855625e-01 1.320542723673368224e+00
8.676038946310668520e-02 1.373225339521955579e+00 -8.956927956417351511e-02 4.807162840154570738e-01 8.163941006630176522e-01 7.751435408852326292e-01 1.904834852884187191e+00 6.724943539922487723e-01 1.212699702537446633e+00 6.405003309351756657e-01
1.017415032161008925e+00 9.704308078036145979e-02 -1.629525948625323739e+00 7.720109904253197319e-01 4.242977479596495294e-01 -3.212751188303640149e+00 2.481261016355386928e-01 6.890687456821935619e-01 1.595765596895878158e+00 2.960198352418901280e-01
-5.013184962299760405e-01 -7.390982874351210707e-01 -3.002085162582567524e+00 -7.896726539356202501e-01 -1.055183233805870646e+00 -2.422015164342544047e+00 -6.561712390073789480e-01 -1.053122123034812008e+00 -1.659787946338447728e+00 -4.785550751370675759e-01
-1.051044030239694227e-01 -2.646886922611509263e+00 -1.657279159012676306e+00 -1.791162637308620631e-01 -5.239485954386050581e-01 -3.633957496149489153e+00 -4.689643162636933371e-01 -1.412525501877972545e-01 3.978362416460824447e-01 -9.046953638608797865e-01
1.370393541818452965e+00 9.782377351584836678e-01 -3.038668196875791705e-01 4.818528305987637705e-01 1.376246655323767776e+00 -1.347126412239024740e+00 8.063875677783879370e-01 -1.294040821309951766e-02 1.244245300197263315e+00 4.089821686947028856e-01
1.774689380561709440e+00 7.800971759862548316e-01 1.636943509779196226e+00 1.127580617260661722e+00 2.697347791808579309e+00 -1.366643677565320125e+00 5.220621805413373506e-01 3.253828268477650942e-01 6.459728646010332032e-01 9.963818713626196866e-01
-6.030435877697954972e-01 -5.843515780885180089e-01 -1.045709662428741638e+00 -9.357072664233155868e-01 -1.061733947735380434e+00 -6.393392859269647621e-01 -6.234004122061703734e-01 2.752651702088560609e-02 -9.211262737832918157e-01 2.932063513507968677e-01
-2.020325200027902390e+00 -4.256664523468321470e-01 -1.505208686366791060e+00 -2.449691293406452530e+00 -2.185192976877658566e+00 1.787713165181149533e-01 6.895484044912178478e-02 2.950255748050568672e-01 -1.295804839727810798e+00 -3.365912993053123414e-01
7.818068827520102682e-01 8.751859214044693802e-01 1.593042512123880317e-01 3.910717411346930072e-01 7.695156818583361868e-01 -2.901518540946875113e+00 4.465111134532833703e-01 5.258592368615495616e-01 -8.870977226122499226e-02 4.368994033771659291e-01
9.480036166835164035e-01 -5.482546593804269452e-01 -6.410752538167499015e-01 5.369358423928103363e-01 -1.352688285669936485e+00 -3.681163341230206498e+00 1.776928677446970140e+00 1.051542593834771777e+00 -6.822551367927930099e-02 1.484526403878546841e+00
-9.342845257372955903e-01 -5.916839490737932916e-01 -2.098269758050191225e+00 -1.210996828290811678e+00 1.229176556754211447e+00 -1.567647590250905720e+00 -5.400291796116408749e-01 -6.436238294271058313e-01 -8.760851004536448494e-01 1.482350028096108274e-01
-8.216704476248618549e-01 1.605852905772556238e-01 5.812590563862545245e-01 1.202189414424287728e+00 2.550488004263724018e-01 -8.041485377606636398e-01 9.385259605399390859e-01 3.115194074190086315e-01 -6.742378473021739538e-01 2.131333235827507222e-01
-1.850519627298403247e+00 -2.360262497170689144e+00 -3.636467539104556668e+00 -2.644834868452649701e+00 -2.875614152878228857e+00 -4.588375951114432638e+00 -8.779276509912915527e-01 -2.826359497054065528e+00 -2.341732510706944659e+00 -1.277525224063283282e+00
1.577971042419998582e-01 2.108977089868570687e+00 1.180980979625196214e+00 -1.233572091531714848e-01 -1.459894527584969237e-01 -4.850321454965981771e-01 1.471033069050966258e-01 3.088273603597218031e-01 -4.015241905812088063e-01 -1.340842006501865580e-01
7.946948223540721834e-01 2.369536857251268724e-01 -1.900739902115492208e-01 -4.592614314749370874e-01 1.122685825615076516e-01 7.809829574685882569e-01 -3.102580621485396262e-01 -1.082604176085421310e-01 -9.075889739299507486e-01 -9.303055379865682317e-01
4.790065762332165189e-01 1.540490896577410007e+00 4.582795326926313306e-01 1.613207828677023281e+00 2.465527638637130536e+00 5.190409455888879364e+00 1.418300202909667185e+00 -5.283905361721149413e-02 2.560696615461958814e+00 2.006588852027062497e+00
2.131497345026708068e+00 1.805889596440206413e+00 7.213013634155082121e-01 1.438164779755316092e+00 1.927880934437340654e+00 -9.237850113314930445e-01 1.906245677239720493e+00 1.556845410537766705e+00 1.672737143210394906e-01 1.794254775470321528e+00
-1.687630986335515226e+00 -1.836539894189756605e+00 -1.658825327768184810e+00 -1.603864517628299513e+00 -1.949835291934694181e+00 -2.382419186936070687e+00 -1.116704272903036310e+00 -8.887352310655061149e-01 -1.225985477226331000e+00 -7.550575890996084061e-01
1.093520102610467726e+00 -5.508817042150560006e-01 -7.287439892405073172e-01 6.807765046066974746e-01 -6.350430368796265990e-01 1.833743688001389982e+00 -4.312851437293344081e-01 -5.472722851038474001e-01 1.891733242523331304e-01 -2.042407406787016821e-01
-1.957609430627483604e+00 -8.082900834733589557e-01 5.121276293886785069e-01 -7.441603924925253022e-01 6.386240939192062704e-01 2.001696523977890330e+00 1.616909738254273254e-01 1.751152636375251925e-01 -1.780121252786961650e+00 -6.963751331517222809e-01
1.663062408543160897e+00 1.472800193501998089e+00 -3.679948294681189003e-01 4.567398943264799893e-01 4.000742760323591773e-01 1.358665589523025297e+00 8.383817790698613326e-01 -1.523624267279734268e-01 1.060494076367395122e+00 -5.245623040483626126e-02
-2.724210676927668606e-01 5.321042655363934781e-02 -5.446633396764095220e-02 -7.824965565529465317e-02 -1.263795098353079238e+00 -1.558124213243158751e+00 -4.471887632141328117e-01 -1.373389951717731927e+00 -5.064595953088729674e-01 -5.474534345870388785e-01
-3.346174330013758080e-01 1.442100546609742517e+00 1.436518681920097906e+00 -2.004283071508049741e+00 -1.208506584285977459e+00 -9.978764076893694712e-01 4.031838937943134638e-01 -7.518031683252887065e-01 7.817504951404908864e-01 4.445501576204833327e-01
-5.628066674926790469e-01 6.607511879779082165e-01 1.862158828952170886e+00 1.128187355686456117e+00 9.330337217004963657e-01 5.042700479453575690e-01 7.480629860751440985e-01 1.274005295404884719e-01 -1.462929425885088341e-01 -3.936587466257328582e-01
1.963884647597279542e+00 1.843291000029452786e-01 1.503969166889300713e+00 9.172812717184793962e-01 1.081323194473013283e+00 -8.200410133825902781e-01 2.485170469764107215e-01 3.189432267952077571e-01 1.579950982333137466e+00 7.834462904729089239e-02
8.251664248178673944e-01 3.972456418945353729e-01 1.836867018625020442e+00 1.561008802820395669e+00 1.121732195965274181e+00 3.294694599158454196e+00 6.593380811639278916e-01 5.909697345643620814e-01 1.032988948653845496e+00 -3.963834035004373813e-01
2.403819461157211956e-01 -1.208092476742051863e-01 5.286867799341256058e-01 1.542278671056580786e+00 1.387169079512694303e+00 1.104159994003043765e+00 -4.408562771181034901e-02 1.865274300899379289e+00 -2.182112718620773384e-01 6.138994015148822037e-01
1.745326906580382254e+00 2.728790158716774827e-02 -2.900905882759027832e-01 -5.451963650385033278e-01 -2.688327622250354376e-01 -8.004961720315196816e-01 -1.406357440158275407e-01 -7.259406269985961835e-01 -1.128489788138939548e-01 6.381414692372113784e-01
3.129948895446998058e+00 1.367784534735015933e+00 1.714807236644791510e+00 1.359279134185871651e+00 1.785675152147417455e+00 3.798851805250456515e+00 3.362721470863072604e-02 2.160279230981017318e-01 1.991437728682196706e+00 6.881434800879623337e-01
6.475243363685145859e-01 1.182259529460317621e-01 -2.967490369687847962e-01 -7.440691432629759072e-01 -2.306276999588690924e+00 2.453531049780290463e+00 -4.383323272764337308e-01 -2.714591831161494162e-01 -4.295822413580482335e-01 -1.313462621274807063e+00
-8.151057178286947869e-01 6.214624905664896115e-01 4.625995944386640524e-01 7.858031100481038811e-01 1.125205586001355895e+00 2.886189664255033982e+00 -3.768156594055255271e-02 3.903981054594343747e-01 7.096451172211805380e-02 -1.227302019456082971e-01
-1.097412235141573600e+00 -1.701308676532531150e+00 -2.398867792785681186e+00 -1.330159433928913337e+00 -2.021959122288101263e+00 -4.060519198245218675e+00 -6.146914580326978683e-01 -6.317920355154298395e-01 -1.899524267296295865e-01 -3.549953886088849653e-01
-3.933108215845215749e-01 4.789732515625471643e-01 8.409939014050038519e-01 7.426154428758587889e-01 6.133605841837738160e-01 4.350040679677690036e+00 2.601506878389100996e-01 -8.029839228823590358e-02 7.575975935690689722e-01 -5.513244883003584063e-01
-9.451801868735434931e-02 -3.699514932212197293e-01 -2.164479609532369953e+00 -7.951394374942677423e-01 -5.381505007492950465e-01 2.210127238640760439e+00 1.602532129570058694e-01 9.510871183723200728e-01 -3.148649329227874993e-01 5.383450803783377259e-01
-4.332849294723153388e-01 2.808706522410517326e-01 2.853405132523341159e-01 -4.776023564652869258e-01 -5.899632544576222104e-01 1.010672658156510195e+00 4.444314377879715616e-01 -2.501499970894752733e-01 -2.259433580844711908e-01 2.331314669763747127e-01
-9.071520756804015706e-01 5.372049891638399632e-01 5.318690371817506035e-01 -1.078767918426875472e+00 7.092379949130059869e-01 -4.357548975337413921e+00 4.015305712774140390e-01 -1.072016742644440912e+00 -7.340601836270557179e-01 6.316459187331194824e-01
-6.109342221907839710e-01 -1.371660002091016572e+00 -1.945228821962191323e-01 -1.803603146406650648e+00 -1.649693801712379893e+00 -1.223428783719570978e+00 -7.482052638230807240e-01 -8.534670059901608985e-01 1.362556811657561706e+00 -5.163547437707011190e-01
3.776057441076551280e-01 2.572817920170916151e-01 -2.222018504200365729e+00 -1.376224698261293289e-01 -3.217365676682120701e-01 -1.319961138473259465e+00 -8.437069157171442901e-01 -9.899726245821869330e-01 -6.384975446785988717e-01 -2.097692693149816323e-01
8.423985490281101773e-01 -7.581065194946199348e-01 -7.316385561353124789e-01 -1.386732186381900211e+00 -1.337426020265475302e+00 -2.416777729274455777e-01 4.706724247013996387e-02 3.867770800273178655e-01 -3.853657443250815273e-01 -1.269134584114092634e+00
3.580213537269214541e-01 1.446462824064094432e+00 1.637749109052664576e+00 1.245696407391559513e+00 5.875804435951873517e-01 8.809937594792910387e-01 6.602453349194495891e-01 1.097334119981661305e+00 5.771041242587494624e-01 1.197951428279364627e+00
5.788494605668111914e-01 -1.694494630133436486e+00 -2.239483009513579592e+00 -1.039277731867124244e+00 -9.863103416264330514e-01 -1.487326601686247196e+00 1.111940767309566869e-01 2.825309917708487828e-01 -1.564867209187219110e+00 -1.257620230163853048e+00
7.756225776523297810e-01 -1.197345249261596994e-01 -1.356305437083275001e-01 3.805965473927814258e-01 -6.016847848465592397e-02 -5.200164268735953943e-01 -6.444627224794677867e-01 -1.446250888537524260e+00 3.780389135089651798e-01 -1.378907604172871837e+00
2.012189152257861657e+00 1.299891236619470369e+00 7.665838524541748189e-01 9.206834730989020832e-01 1.774613229892426203e+00 3.633518608280951412e+00 -1.891835861210081626e-01 1.546331073971115300e-01 1.614279360857822088e+00 -4.346398967219793352e-01
2.555633471271411272e-01 -3.484549410465960784e-01 1.270236565919940830e+00 2.437098153427751657e-01 -4.383079406415047452e-01 1.089168405721006705e+00 2.426895781132859808e-01 7.996594418007239025e-01 1.009882578353641813e+00 3.909921253194066360e-01
-1.134721450056283221e+00 6.193109542100828646e-01 -2.919787118262755499e-01 -8.608051495564598143e-01 -3.637268868482721018e+00 -1.501610423023387320e-01 -1.144192791988076996e+00 -2.036148901590947968e+00 -3.370907802398018793e-01 -3.451740422492166060e-01
-6.679308271245489870e-01 4.428303204194428688e-01 -3.568353002666174723e-01 3.603092204497654882e-01 1.798131864898240506e+00 -3.575108917722920499e+00 7.103393486131835965e-01 5.702399182123106813e-01 1.536809292520001646e-01 1.408886213998214121e+00
1.985009363544042171e-01 -4.324771356953897583e-01 -8.136115349012937870e-01 -3.093056495083521540e-01 -4.663162918079926667e-01 7.708632238740729115e-01 -8.137667289137938686e-01 -2.175820309158363053e-01 3.494518165686276157e-01 -2.716739324289701996e-01
-5.288900661246398460e-01 -2.343836772079023745e-01 -1.265769223436382207e+00 -3.640320748692683628e-01 -1.095945203470590545e+00 -1.492974150335014683e+00 -4.020544339851153670e-01 -1.693060904023260538e-01 -1.802443102385142826e-01 3.979678122775337501e-01
8.130352653889175718e-01 2.098735643903612558e-01 -1.830127493989393839e-01 1.235518216156942239e+00 -5.671290563848003785e-01 -2.327440589401096049e-02 -6.194627035983081287e-01 -8.264270637558018828e-01 4.318738772125663150e-01 -6.952346240716772430e-01
-1.657323289957608470e+00 -1.543639875197270417e+00 -7.483453618570935495e-01 -8.308157203988844053e-01 -2.760845732709976907e+00 1.504550408721529120e+00 3.649779473499850102e-01 -5.148509760153809900e-01 -5.514811859530238669e-01 -2.680069036193825083e-01
-1.702351375538255107e+00 -2.116316106595961810e-01 5.507447125710321911e-01 -2.053741607245772316e-02 -5.066614283441321920e-01 -2.034791991252216103e+00 -1.749108302659412584e-01 -2.276601306489167420e-01 -8.369884721795673999e-01 6.256060189610755939e-01
-8.542162373507153905e-01 -1.699973923170196466e+00 -5.054771782008121717e-01 -1.260507273962588881e+00 -1.320056085575082472e+00 -3.679277083845818863e-01 1.651656017044313696e-01 3.470831243704014524e-01 2.663793139575582058e-01 -4.702402680147009240e-01
4.476588740595132121e-01 2.059694258549364387e-01 -4.844463265263119350e-02 -1.063468599376699436e-01 1.442391161772811972e-02 -8.594740871574616525e-01 -2.424039201370969676e-01 6.277443782503088210e-01 -4.268509252310530022e-01 5.679278794815071363e-01
4.934650315013574540e-01 1.359227531778842035e+00 3.774340467241751873e-01 -3.009751626696487437e-01 9.318656853710257648e-01 1.683061038986619407e+00 1.891936375161892003e-01 3.315139745124033865e-01 1.911514546677141935e+00 9.913378517900791609e-01
-1.353753658409358129e+00 8.675323010310391769e-01 -1.275767105014510072e+00 9.659008482515653304e-02 -6.065004170992013277e-01 -2.412703090616123092e+00 -8.702110140567681507e-01 5.279358438495678207e-01 -7.381256609960605841e-01 1.848046003989071706e-01
2.044886095791442315e+00 -5.267953402953182707e-01 1.066915582749310865e+00 -9.338650308722978854e-01 -7.353061593984726585e-01 1.358441652985148185e+00 -1.545366004380884339e+00 -1.229796089470259757e+00 -1.155972918811229544e+00 -9.595488479583070829e-01
-7.662605413035536439e-02 1.700536402255917956e+00 1.536616944994294132e+00 8.433929065336008835e-01 1.837375798567791430e+00 1.008085526148542854e+00 -4.631026829968847847e-01 3.053626860656856179e-01 -9.220548140699773298e-02 5.575827294382713628e-01
-3.410369880651107355e-01 -5.316138366049161235e-01 1.966245999812463729e+00 -6.717023344148268515e-01 -3.224379300049874941e-01 -2.617968177917715078e+00 9.425444982028111096e-02 2.655037922826669616e-01 -2.089173469602821354e-01 -6.874409473653212421e-01
1.729307559255590654e+00 2.422350164325224320e+00 2.344743620957226771e+00 2.985594081222231466e+00 1.664201337506462597e+00 2.557669325461566778e+00 3.229580807291436151e-01 5.038843805675160548e-01 3.611229668463411535e-01 1.693604246570163285e+00
5.450975699365868676e-01 1.029542196412101429e+00 5.884594615936545869e-01 1.271124078287079850e+00 7.356202670107919728e-01 -5.576443078251172025e-01 8.623325515640628547e-01 -8.202207585415569602e-01 -2.288057015523999038e-02 -2.711208619028632749e-01
-8.440365411095742676e-01 -4.211788031045472502e-01 1.562061851151543834e+00 -6.740091913777625232e-02 8.791090163760233445e-01 5.876160125710729876e-01 -5.709303380770794911e-01 1.745151858995099559e-01 -6.925484741245049314e-01 1.216438596804842120e+00
1.411406901025199723e+00 2.250200472113781380e-01 -3.950239105973919473e-01 -7.769985136646456736e-01 -1.932786083206414540e+00 -6.792478169579650726e-02 -6.297389163933987399e-01 -3.399813508278098362e-01 -4.762168988437134320e-01 1.471667775354134067e-01
-1.870609422178180492e-01 -7.605135055152121293e-01 -1.527340289854025368e+00 -3.765243545570059469e-01 3.256121172662643226e-01 -1.874324666116043980e+00 -4.160751799746466584e-01 3.267102875191126854e-01 -5.541973932888430987e-01 -2.112905359584976717e-01
2.424866035429412481e+00 2.681956480148667055e+00 3.246867159050705443e+00 3.350857870278718398e+00 4.568484775040730028e+00 3.851431999120457306e+00 1.412799179545244588e+00 2.230622029512051352e+00 1.835129574100204941e+00 5.238864450551860008e-01
1.384605071314934932e+00 2.043447425802854323e+00 2.085500356487477447e+00 2.916122752072906721e+00 1.452710913038284479e+00 1.953298975027165651e+00 7.098409557481220045e-01 1.191465892616820454e+00 2.124536481505344465e+00 3.801601626609384388e-01
1.182439003790815679e+00 -4.168639130719637431e-01 -8.781490622092548159e-01 7.544856700579983810e-01 5.954423834389414028e-01 -5.979556728158395840e-02 6.468797517188076829e-02 -2.640563303432399422e-01 -2.906030903139376897e-02 5.608333325008992842e-01
1.741614526929654350e+00 1.880229112530112046e+00 1.029689942199596420e+00 1.337949845369533097e+00 8.175394594071901944e-01 3.792056683049296328e+00 1.660761339728546726e-01 9.079896950577742709e-01 1.065809583461600152e+00 -8.704322620955332601e-01
9.360195955348626917e-01 1.613918399627647937e-01 -4.789025129028077199e-01 6.606588615498093509e-01 2.967329136241808607e-01 -2.147216505289321731e+00 4.126510714886468256e-01 5.264781217243650335e-01 8.013214842294646978e-01 6.014654299017989647e-01
2.020624057927582928e+00 2.122538120923764815e+00 5.940203613128092197e-01 -5.991964722238093399e-01 -2.649009792211472480e-01 -1.446359237369461370e+00 -1.939617677541514984e-01 2.050743325752076018e-01 6.781566513917409722e-01 3.200338723579805866e-01
-5.369915816317493151e-01 1.591534844498836199e+00 1.613158011910894807e+00 2.300932709871631676e+00 1.362602952779149446e+00 6.173740264658723609e-01 1.484747108589816067e+00 1.165282950174746590e+00 1.617678435862461850e+00 7.419766194200067000e-01
-3.374717496660118998e-01 -8.840686983741897764e-01 1.351989248442541508e-02 1.096186483080973523e-01 3.760500076201152009e-01 -3.178727442373756595e+00 -6.140910724133410992e-02 -2.097180602807389160e+00 3.411969089753821294e-01 -1.058757535804939698e+00
1.948824806402738474e+00 -3.982103148948009097e-01 -6.800684835066901357e-01 -9.335707087631726908e-02 1.229765980987598706e+00 1.177180864752333189e+00 2.418703586412508932e-01 -4.589223389412139253e-01 1.149403928510250195e+00 -7.525378145663619289e-02
-1.752391535187849125e-01 -2.351775095974710517e-02 7.149211100632096860e-01 1.296305683644633389e+00 2.197216118451042824e-02 1.665277472629391742e-01 7.211188691470878931e-01 9.985755303556516083e-01 1.709372840438873331e-02 1.190918020723749304e+00
7.945180664975008966e-01 2.936359671176067554e-01 2.203977402788549755e-01 7.524362178458844364e-01 1.169328321044738273e+00 -1.531222838982174705e+00 -1.348703060926954356e+00 -1.187710657539316150e+00 1.070603595839790589e+00 -6.472649135696928457e-02
-1.083283059605292475e+00 9.402245495631484928e-01 -1.114369146675888267e+00 -1.071389196357459550e+00 -2.393765343524709266e+00 9.532144883158598647e-01 1.112192327917668408e-02 3.762669819477524324e-01 -1.538001696569458732e-01 -1.132830998471692441e+00
7.649906565148500981e-01 8.458161446315357601e-01 -1.684807614170704404e-01 3.948919476909457105e-01 -1.850647432129056413e-01 9.184039064930470397e-01 6.380056534720357497e-01 2.947362871055201894e-01 4.701409041028604685e-01 1.418375485770999811e+00
1.523391727390775330e+00 9.734265304549551967e-01 1.570557352643278781e+00 1.294994778191712159e+00 1.109977365788171966e+00 1.968302695780639544e+00 1.127311916246607426e+00 3.611196610757699266e-01 8.800643596643312749e-01 1.385043334553999861e+00
