2.623678809264914369e-01 1.155510557170353669e+00 1.754786385622004730e-01 8.789586085736569854e-02 4.235534470336726476e-01 4.989787398052374368e-01 1.716393618260254827e+00 3.658416630998148067e-01 1.464587998232091737e+00 7.778264596460633395e-01
-2.486076725695725020e-01 9.159982951333729417e-01 5.744888202170274072e-01 -9.858116960245628668e-01 -1.999860076429094968e-01 -1.920448899367429352e+00 4.022700601237588769e-01 1.716222466409902669e-01 -6.309681180803586864e-01 -9.345596033134723202e-02
4.290029782277305359e-01 -3.496784934324628225e-01 -6.963041137173752934e-03 -7.306690439947264304e-01 -1.025886225944847574e+00 -9.185968829725301710e-01 -3.146022403050803273e-01 6.701267884142971809e-01 -3.360767442880641109e-01 1.392967859470511938e-01
4.973667404731297870e-01 1.045270693757388347e+00 3.781822948654855326e-02 -5.833257713057709015e-01 -8.280901368319940614e-01 -1.138371710708091067e+00 1.931878393389747928e-01 5.027777266986805937e-01 6.377459227006342102e-02 1.427680702919530642e+00
-2.491693960458004620e-01 -2.963170949381681990e-02 5.803163695559022672e-01 1.417687166122820308e+00 1.499577899158782257e+00 -4.478279215004402403e+00 5.052587682998794794e-01 -4.465387589776093069e-02 8.581241768544253246e-01 7.932630980354668515e-02
1.638426661039072696e-01 6.960265764657090903e-01 1.108940610137554517e+00 1.692582026748625346e+00 7.481723270278137772e-01 8.428469707116481580e-01 8.567014563479541378e-01 -4.003286450347730563e-01 4.253179995179791062e-01 1.073184546575057241e-01
4.704463923252971136e-01 -4.307820790031227642e-01 1.510762474922872634e-01 -1.590261631321084224e+00 5.697914908048686833e-01 1.344431511536874346e+00 4.390245075606336034e-01 -6.006235015242686881e-01 3.015567326995005626e-01 9.580954448425177405e-01
1.254512164272396091e-01 -3.941173213906106754e-01 8.670175912175878130e-01 -7.233210290690119670e-01 -1.636786507176805072e+00 1.016676144665331849e+00 -4.476385599680428040e-01 -1.658699069188074970e+00 -6.987152001472131391e-02 -3.567008220874262614e-01
7.535828931468507852e-01 2.530982853642916641e+00 1.752605906568245331e+00 1.928313783405224191e+00 3.793851692589373936e+00 2.928336019213052310e+00 1.410090572849527879e+00 8.949000469817816050e-01 3.215104342597573384e-01 1.603197625141330906e+00
-8.175665566805108142e-01 6.346887482012845139e-01 -7.582869508653355961e-02 -5.203289441056826448e-01 -8.701991675237465973e-01 -3.088069481634923896e+00 -5.572912946516259125e-02 -1.073367306222951234e-01 -3.628284151041237249e-01 1.808701272904219004e-01
-1.190397081623067788e+00 4.493399509676322956e-01 9.947418615197651040e-03 5.040316374037440150e-01 -1.010903104568675381e+00 1.092054970844075878e+00 7.202984174457900401e-01 -5.734855723382512593e-01 -1.068992188285545542e+00 3.207749871129238900e-02
7.019367665300350057e-01 -1.541780083090169340e+00 -9.416123001766867340e-01 -7.401005071188485607e-01 -1.680939496754142004e+00 -2.090397176076849828e+00 2.591760253804549219e-01 -1.040166346198599656e-01 -4.898684323217389336e-01 -6.329818781251578264e-01
-3.010671085131387814e-01 4.042780291986484698e-01 6.236359732866049166e-01 -1.678044818467448185e-01 -1.910667177655015925e+00 2.361046028008905173e-01 -2.282402895280074284e-01 -4.169459671376093968e-02 5.585106300023724019e-03 1.090841118504291885e+00
-1.726965924791094897e+00 -1.679963180908309539e+00 -1.355523606412450510e+00 -2.386003162143582212e+00 -1.655482468680419261e+00 -2.174370960815644516e+00 1.926119395437372595e-01 2.331774065486781067e-01 -9.458662476797085050e-01 1.460211977605038736e-01
-4.596491340687570704e-01 -1.482150091121895885e+00 -2.122726728677774677e+00 -1.533712746036182573e+00 1.682542318849365726e-01 -5.825772397135233760e+00 4.776347202412560833e-01 4.573525745023299116e-01 2.837120606202860329e-01 -8.678437354844763529e-01
-1.520521918972257414e-01 -1.125212347015658976e+00 -1.268652356554978766e+00 2.329412195554295406e-01 -1.175009147469586290e+00 -2.921084149694554544e+00 -1.805744333197518925e+00 -4.095581619979041799e-01 -5.660274363221534655e-01 -2.246758779655916860e-01
-1.688250892192874941e+00 -9.581422618392010371e-01 -1.514440874281593130e+00 -3.090951085349645133e+00 -5.132293264159044632e+00 -3.043962194341657490e+00 -1.852277159568834319e+00 -1.398798344299831520e+00 -3.355332946135770877e-02 -1.034175451716885741e+00
4.804381419141756093e-01 -3.831377814606799492e-01 -1.125668464683996728e+00 -2.310565702790180753e-01 -3.762253233250983930e-01 -3.746833756410631100e+00 -1.162795853071855179e+00 1.013244848374870444e-01 -1.005858801110480316e+00 -1.500934684498602012e+00
5.720287580841044717e-01 7.108308363262818563e-01 6.217450144952253455e-01 -4.582068265755550041e-01 -2.442811601422294476e+00 6.006577166183835192e-02 1.512353029290852968e-01 -5.691999078713263494e-01 -9.821530587137726753e-01 -8.320567168692635240e-01
3.169844306466676476e-01 -1.250580891724723642e+00 -1.110422547415421679e+00 -1.743111515024558855e+00 -1.778837306749989411e+00 2.774996854394526924e+00 4.362351157668180601e-01 -1.332212461978431461e+00 2.894418793060762329e-01 3.447233113084068323e-01
8.164135779403397519e-01 3.266940153576747274e-01 -7.191373887624951111e-01 1.091395304622684082e+00 -7.623298490519836434e-01 9.424584317215181084e-01 -1.302109790289440072e+00 6.205512876131349387e-01 1.557776129877803006e+00 -4.440723694229836149e-01
-2.846570579823116121e-01 9.174705025551996851e-01 2.504101765206294239e+00 1.105906474256958649e+00 9.821568018392693444e-01 2.568583158158885382e+00 1.386711068511544243e+00 3.513247318007967079e-01 1.007853991172104724e+00 2.058997139100825269e+00
-1.357597139138543296e+00 -2.847225497966600627e-01 -1.366737815880945561e+00 -1.326516928217573277e+00 -2.420620134599523965e+00 -1.416153098698418322e+00 3.414366914448370149e-01 -1.448708451620043469e+00 -1.536134229164895393e+00 -1.012434600137113838e+00
-2.016349409698753536e+00 -6.901653396788735018e-01 -6.977407833307941454e-01 -9.224665535824821960e-01 -1.087993247460423918e+00 -2.402687624835329050e+00 -1.305264779972883149e+00 -9.711568000517920574e-01 -1.145795421012963056e+00 1.375402184751625678e-01
9.478309636882961131e-01 5.225472059435319616e-03 4.300107242509047523e-01 -1.561028775183858963e+00 -1.888449601501831776e-01 6.730173167348552088e-01 -8.699657267818647899e-01 -8.087081748696145489e-02 -2.157861035302567343e-01 -7.056035080690242767e-01
9.348461477906698791e-01 6.630371880706062981e-01 1.066568331689565552e+00 1.375936793435145411e+00 1.602847313789927064e+00 2.264846145552142254e+00 1.791173684103679331e-01 1.665473666438594291e+00 2.000667567079144504e+00 2.030227286242063389e-01
-1.151826996354926802e+00 -1.556973415934374660e+00 -1.381556992361275382e+00 -1.067809931841112725e+00 -3.506061178081789631e-01 -2.612109513607300482e+00 -1.030376641331834486e+00 -1.976273092551388277e+00 -5.225237544839040904e-01 1.315093749318264060e-01
5.055933426814352982e-01 -6.990269739275056793e-01 -2.132485123462340315e+00 -1.279582741155345760e+00 1.626988810422005161e+00 3.182448480611309360e+00 -1.206048243439666601e-01 9.173017741270359515e-01 1.386459275095238211e-02 6.903578385580014798e-01
1.959935445758806960e+00 6.767130566334557118e-01 2.173034763116398760e-01 7.685228654054387931e-01 6.994884699837706776e-01 1.443595805529497567e-01 1.487819264179154333e+00 1.372349087435759785e+00 1.601283237480940702e+00 8.046335499285340864e-01
6.843116221054371673e-01 5.484171706151347997e-02 9.615999428435656471e-02 -2.898888621891876349e-01 2.119357138149246811e-01 3.117823002184997083e+00 1.013525142782708333e+00 1.642796097984541071e+00 1.247617789021134849e+00 1.325490845192814460e+00
4.003570638531115389e-01 -6.130660826696197052e-01 -2.974669072135613934e-01 -1.399508605851221832e+00 1.335830568348970460e-01 4.354605856897687532e-01 -1.017199951295512328e+00 -8.991327529380683803e-01 -7.914356799542644483e-01 -7.556227032141934474e-01
6.387722579744599116e-01 -3.738309283126890481e-01 1.589730988238295506e+00 3.327006749231895544e-01 -1.660145074579647106e+00 1.387839929219624624e+00 -4.007494343163647832e-01 6.436005733031984199e-01 8.477124735893190599e-02 1.495914218457309541e+00
-7.403268565633748244e-01 6.809983445893184051e-01 1.062357928143250474e-01 6.721501329935419822e-02 -1.180374207794836927e+00 9.839937291107829775e-01 -1.521768510190095514e+00 -2.655356019169337056e-01 -4.235862828402391783e-03 -1.545996890744184005e-01
-3.083299509568543928e-01 -1.663003804850325951e-01 9.826333784492160550e-01 -1.780817739330953775e-01 -1.934074872225721442e-01 8.819801545926138076e-01 7.514846805303020405e-01 4.106053098818311931e-01 5.876634463335882463e-01 4.633390621267263199e-01
-9.655158034246964505e-01 -5.715494382553339969e-01 -7.171863292608599005e-01 -1.075700989131118668e+00 2.524820012649627299e-01 1.049311703456981881e+00 7.050655007841195587e-01 -1.063696471110928410e-01 3.531468477143374640e-01 -4.774873110410309263e-01
5.214867523194203214e-01 1.112261566009465463e+00 1.393464347436168760e+00 2.276688170875110495e-01 7.396620643979948673e-01 2.907354871250567907e+00 -4.246468877693518884e-01 4.266962950473360827e-01 6.565579000235115537e-01 3.826113882535803756e-01
1.839706458201616268e+00 1.075894908692181628e+00 2.089432712306585227e+00 8.258501292977307173e-01 9.268800720901814172e-01 2.379447172216951678e+00 1.205996962254879401e+00 4.961239403899450617e-02 -3.123165232429594984e-01 8.836458637552896400e-01
7.817510944372899617e-01 1.449243749625328315e+00 1.922150342184802518e+00 4.462360924716443078e-01 -9.840572242019709481e-01 -8.818071862746967859e-01 7.070156438413464084e-01 1.350585094600328606e+00 2.039122337560846376e-01 -3.342644936903082509e-01
-5.654175959133572738e-01 -4.469325818867592726e-01 -5.647609812290509401e-01 -1.879959256971167891e-01 -1.669549909160613410e+00 -3.225511843574180304e-02 8.578781859654742714e-01 2.375826268786929596e+00 -6.205535089576232066e-02 8.796290953616840991e-01
6.183583265240900628e-01 -8.512128191733069338e-01 -8.914892290133319061e-03 1.181369395739030548e+00 4.640087597213065629e-01 2.238560623880314626e-01 -3.714744917796991563e-01 -5.313306024320523235e-01 9.500073725377436995e-01 3.205299646715963763e-02
-8.401855986822971412e-01 -2.222943283919626700e-01 -1.229940300503823636e+00 -5.940105454876056790e-01 -1.883443321493984135e-01 -7.862780787044478803e-01 5.821984959221918610e-01 4.497617075659510189e-02 -4.731516310240427292e-01 2.785161048152701713e-01
-1.895653919235524565e-01 5.829475483624507737e-01 -1.003372178720727481e+00 -2.594573932750945944e-02 -4.257382917538135025e-01 -2.858753856159932827e+00 1.907137414120247121e-01 -4.092781229724331560e-01 -1.017807385095933048e+00 4.912478035938910165e-02
1.462868190029602111e+00 1.624646219350247778e+00 4.443572357356035063e+00 1.987542585736457701e+00 5.091835125347900615e+00 5.057748614467978854e+00 8.538245075859818289e-01 1.861031868933052724e+00 2.861744483027240715e+00 1.670711283798187452e+00
6.466671907889219861e-01 -1.243572729280925659e-01 -1.652424729381938073e+00 -1.222074914263654666e+00 -1.013424376593874632e+00 -1.599440332130780851e+00 -1.470002918255570057e+00 -1.205515284413798183e+00 -8.225331793859310681e-01 3.925210398745958562e-01
1.021506198071443716e+00 -8.616754539294095849e-01 -4.636554774090919651e-01 3.829555799684088990e-01 1.804812915960041009e+00 5.868408238201792138e-01 -6.752134633912050266e-01 4.593774485078067071e-01 -9.969041859253923166e-01 4.216923577781513943e-01
-1.718586353783227993e-01 -2.743473299333605286e-01 1.600167547635642284e+00 1.915260000182517963e+00 1.550647032965376981e+00 -7.315118410519929615e-01 4.421174998903002473e-01 -2.064063781361376471e+00 -7.098602574630825945e-02 2.204683522871103141e-01
9.970471139252227166e-01 1.567043563628280234e+00 6.809570595745058075e-01 2.872203289442323282e+00 1.978698031619162245e+00 1.797372479875668727e+00 -6.083375956386459782e-01 9.459003335941698065e-01 4.558122172696372348e-03 7.883477266759636448e-01
3.386021780145054838e-01 -1.602477729837137543e+00 -1.508528131825851659e+00 -9.044191300480832751e-01 -8.916924134735468854e-01 -2.282989239605107468e+00 3.863932379627280089e-02 -5.453414609424080961e-01 3.569884982902649662e-01 -5.331597457151306951e-01
1.443472326875385514e+00 1.069686567588618908e+00 9.000545802381662019e-01 6.032379282908282292e-01 6.698304782473281094e-01 1.512389092283000336e+00 9.385345455338800491e-01 7.743724044557123154e-01 1.573219352742886823e+00 4.068853707703758427e-01
8.045637807926442342e-02 -1.739508141105477579e+00 -2.138022761541074068e+00 -1.855849522613881142e+00 -1.449379493534144858e+00 -1.660314819906405504e+00 -8.213909098310205881e-01 -9.654526439393742443e-01 -1.562114981077908693e+00 -1.335306479677469627e+00
2.148960991187921721e+00 1.421584643679061344e+00 2.255541397519834401e+00 1.873545658368621414e+00 1.073232331987854948e+00 3.531966198191286654e+00 1.630936492012543537e+00 2.195118184356915414e+00 1.854664112687859800e+00 1.247859656110840598e+00
1.348722853465783356e+00 4.335462915439177167e-01 -5.403349196475258909e-01 -1.640547148226712548e-01 -9.332237147397191845e-03 1.578809089359974660e+00 5.853789662588176901e-02 5.728179517713072322e-01 1.010813654073917656e+00 5.703039927854180319e-02
2.875958181775472244e+00 1.990645241270327714e+00 1.928668950549831562e+00 1.701059518193591247e+00 9.241873054267699672e-01 5.320872515606550612e-01 6.322019654139162670e-01 7.626347119899596905e-01 2.224871924194015360e+00 9.420006587406867249e-01
6.308954461867181118e-01 1.040214801605486405e+00 1.360057140218527527e+00 8.003650674050549751e-01 6.863149301624907883e-01 1.716488711978116699e+00 -1.941618981855300630e-01 7.885094608926259685e-01 1.358627213000737965e+00 5.037868371190977745e-01
2.506176057790521564e-02 -2.580247128185719774e-01 2.575730139463107138e-01 1.449025486457836909e+00 1.207634805627773478e+00 4.289521759451484506e-01 1.783059913816039399e-01 -6.572816346344298455e-02 7.976482700803830816e-01 -2.040296114479272838e+00
5.101459320005248266e-01 -3.967331246407620471e-01 -3.602253669633324606e-01 -4.217312492874765173e-01 8.884189879856283500e-01 1.222193226223350360e+00 -1.127208215330611552e+00 -4.271010480957913025e-01 -1.879338632549213683e-01 -1.042592686088320342e+00
3.566210614629495179e+00 1.662184493466139390e+00 2.607648135275549617e+00 9.892209206842190738e-01 1.238116243072890699e+00 1.202104571554039047e+00 1.469883998729383245e+00 2.930894214222128369e+00 2.198697974029006463e+00 1.261911346548523882e+00
7.420595893693779366e-02 -9.592706345280844760e-01 -3.748024106904362940e-01 -2.479194661664582411e-01 -1.206314998773538427e+00 -1.341571644876901725e+00 -1.414073740122187450e+00 -1.751181645293969247e+00 -1.972243654969196180e+00 -4.392954275155934729e-01
3.676974753057862810e-01 -7.828056923121854416e-01 -7.225844415839750567e-01 -4.544643619865101902e-01 1.006011321555035032e+00 2.537194515017096030e-01 -1.449125383846264492e-01 -3.606891269322272109e-01 -6.761684447508953255e-01 -5.181457926556047866e-01
-3.503895546034688779e-01 1.053642598193740065e+00 6.528791689177474433e-01 -4.002960500117082043e-01 4.427480963502733458e-01 2.283214670519400968e+00 1.590545990013013389e-02 -3.419433422427532454e-01 -4.992261722537085777e-01 2.616428737586882769e-01
1.028309644468015094e+00 -8.552526528002485362e-02 -6.095498553696264699e-01 -7.489803370952716199e-02 8.891111951041616446e-02 -1.420589483898581917e-01 5.203044693508696028e-01 8.305330607392606979e-01 5.013273830737505765e-01 7.884351417037884779e-01
9.661445681686208209e-01 1.552341001505682105e-01 -3.192926048559601715e-01 4.823147568039971578e-01 7.310023450109035537e-01 -3.817718767793465973e-01 4.121399004205944516e-01 6.753380372492723271e-01 5.777667781251131229e-01 -2.639170048076983771e-02
4.434971785623489371e-01 1.161685427123093417e+00 9.093710509615431370e-01 6.639017139170169113e-01 1.421323646773161142e+00 9.148369354407817067e-01 1.180826138595064689e-02 2.176535014191271211e-01 1.227696696614838601e+00 -2.700851910311580784e-01
1.903986560583497134e+00 7.921334974587830313e-01 2.405056213595340442e-01 1.239279634795003471e+00 1.332153272928613630e+00 1.463389704155991566e+00 6.574999151294926847e-01 1.242259210017742976e+00 8.801560028754112919e-01 8.489114756345964574e-01
1.111039802079815564e+00 5.983920031845574306e-01 -2.440959842887361342e-01 6.670081972163823814e-01 -5.933257555661152205e-01 5.238607135809839832e+00 -6.105975506335709069e-01 8.323833151043834588e-01 7.880083198703053959e-01 -1.520766236329132326e+00
1.846075968093970454e+00 1.329550471977532400e+00 4.320934222381503931e-01 1.647118575718369504e+00 6.335091975616760074e-01 4.022412602379458191e-01 1.114230083271525285e+00 1.297791942833359080e+00 1.341631369527668927e+00 2.256131526890663985e-01
8.295249167879610308e-01 -8.073949523307873966e-01 -1.541202060500514337e+00 -1.300299171811631016e+00 6.407431223760045036e-01 -2.009663723398172674e+00 -6.095989970047976936e-01 -6.860083735873325761e-01 -1.347945874248960063e+00 1.822570552135509975e-02
8.894836078466014095e-01 -4.476135251126413528e-01 -1.392915359731795810e+00 -1.399805018123172262e+00 -1.543994610342760282e-02 -1.178246298264767233e+00 -1.737335696466415724e+00 -7.105439089308815959e-01 -4.281091209151397514e-01 3.830186510480085293e-01
1.212954301469810758e+00 3.155730187954995380e-01 2.046359501090306399e+00 1.518538530061805059e+00 1.407212161687458218e+00 -6.484625208047156697e-01 1.212473299557527140e+00 1.490719428426924731e+00 1.297545025846308819e+00 -3.797861219392845711e-01
4.415206033873619873e-02 -4.182356148382855854e-01 3.253986665969776232e-02 -3.417554400853112240e-01 2.088473828934297449e-01 1.788910874528696127e+00 -7.948842423874580287e-01 -2.427072564964234680e-01 1.671412661648643549e-01 6.361840638819553362e-03
4.597467127527260500e-02 -4.801617995962909613e-01 -8.079786078646652436e-01 -3.148932424487017601e-01 1.880433333614211833e+00 1.334475055269928490e+00 -7.715331351781730407e-02 -2.552678690517233839e-01 3.129496137293906188e-01 7.727249040435256733e-01
9.485787822279125869e-01 2.127686534506535027e-02 9.457633084971089898e-01 2.023673583176159030e-01 7.499321070031319536e-01 2.095741858890089571e+00 -5.488111666525091747e-01 -4.532586729517062984e-02 2.483933589124071584e-01 2.423954892106585657e-01
3.512564485257593239e-01 -1.588446995023604924e-01 -2.109165644218680413e-01 5.647005720487399127e-01 2.836979316420444874e-01 1.103892244966543368e+00 7.533297591679727345e-03 8.293147745012247052e-03 1.012130647510778747e+00 6.489235086485288795e-01
1.982652148536100389e-01 -1.282606006611722416e+00 7.026578378668469904e-01 -1.097829107582053654e+00 -2.135606100788200568e+00 1.823261674526955201e+00 -5.725919464418360860e-01 -1.355018047870064413e+00 -9.781140175019704952e-02 -1.205918972831166780e+00
5.294008845101924043e-01 -1.042743654233008854e+00 9.460900126403349875e-01 3.651424306253936436e-01 4.813110307075239014e-01 -1.924055875595475751e+00 3.607043646585440522e-01 1.001075259329246459e+00 -1.215434260429921060e-01 4.397972298485867126e-01
2.608316259709736240e+00 2.589765078685272393e+00 2.125464724177876796e+00 1.880286322733209836e+00 1.962221853082657175e+00 4.642859692929986792e+00 1.735511107713811230e+00 2.259635353894180909e+00 2.419674781990138968e+00 2.495124236938251805e+00
2.850397405853678512e-01 9.820335057143586566e-02 1.481260808404851192e-01 -8.568561728572843261e-01 -2.368521464577345803e+00 2.096117880704853054e+00 -2.846853682099571847e-02 -2.064262907479416931e-01 -8.016032763550143825e-01 -1.292027309981125249e+00
1.218463333716791386e+00 6.261013983360442792e-01 2.062943957410837914e+00 1.511571824470040903e+00 5.381214525489206313e-01 9.551156716447422035e-01 -1.996401120895096859e-01 2.256137903611496132e+00 2.215890534609200824e+00 4.152466176530116293e-01
4.368755252659271004e-01 3.581565381701793949e-01 3.170343472801332441e-01 2.475162982970807446e-01 9.005922270389364881e-01 1.421871593975379211e+00 -2.075483045012738170e-01 -1.136581601754653448e-01 -6.832799229262880025e-02 1.588190151665582195e-01
1.477926788647184519e+00 7.066268453701070040e-01 3.696764535648928707e-01 5.584677039094299023e-01 4.760030636081888922e-01 -3.522379207006885782e+00 9.641294296818845311e-01 8.206416694262286260e-01 6.068088255434023887e-03 2.096572412287854625e+00
7.939915541601185733e-01 8.230892701046688131e-02 6.921725647202541243e-01 -8.894265122884340014e-02 1.118578715839215088e+00 1.518361998974929739e-01 -2.618100985144659609e-01 -1.640140040207005157e-01 4.914832008118106277e-01 -1.832279651029630752e-01
1.072800249958960964e-02 5.701779217600450728e-02 1.623220932773562497e+00 -3.342524586628149441e-01 -1.108462103971999513e+00 -3.473031571579130450e-01 -1.100185890658591736e+00 -5.335651417715683298e-01 -1.245235679957639313e-01 8.996707240813186512e-01
1.265381050777796945e+00 3.247006540656158236e-01 2.125309305433092266e+00 1.894486257814671504e+00 2.547720450574617157e+00 9.782833263919565869e-01 1.532699349460423799e-01 3.228195736633344692e-01 7.861526833549770110e-01 3.947969819257348134e-01
-2.359497392025488791e-02 -1.004392795627664592e+00 -5.774751065956155172e-01 -7.250101117959637520e-01 1.761046128841378400e-01 1.064981504803840684e+00 -9.027117102177557584e-01 -1.551315300315885715e+00 -1.547286767332851420e+00 -3.864960046087406731e-01
1.653802525533764722e+00 5.073125790742507579e-01 -8.574770247555513203e-01 3.640328654172554357e-01 -4.682156577952221177e-01 1.212018956261232017e+00 -6.758715802651393822e-01 4.608500378125878205e-01 -1.580094909861737840e-01 1.015037535513594769e+00
1.430420863495846628e+00 -7.408219941698132027e-01 -3.071599275157343434e-01 1.310683086507905326e+00 -9.310726154977473357e-01 1.239977062836524535e+00 4.748444964361683285e-01 -1.319081009615104827e-01 -6.551369138551214888e-02 -7.459684229742901129e-01
1.144694357949155750e+00 6.895041995223455400e-01 7.804062463322277710e-01 -1.129870355384093028e-01 2.250945538111844557e-01 -2.688184698570988962e-01 -7.491314066564003227e-01 1.130113319655268456e-01 3.240638818155576473e-02 5.876329270235927105e-01
5.765697948965263775e-01 6.942016841201082977e-01 -6.355260150806020247e-01 2.089361875071173991e+00 2.134191944307755495e+00 -1.172076920067196104e+00 -3.958537099609930054e-01 -1.207556132202555754e-02 4.505952541648977072e-01 -6.979299925410668015e-01
1.401423487646661359e+00 8.209506077804380464e-01 5.861838512565156201e-01 6.279041029517898886e-01 1.540862232538887877e+00 1.131823739704334919e+00 3.613956051059030727e-01 5.781978567739924912e-01 7.884586218575301286e-01 1.478491920302169138e+00
-1.633760920471648559e-01 -7.416522047356760572e-01 -1.469624619215823769e+00 -1.276500411822322434e+00 -1.349513816511914044e+00 3.051370218025101000e+00 -8.635695162846427353e-01 -1.137058845527837869e+00 -1.131221891161278359e+00 -3.665452696285756429e-01
-3.013186431720203395e-01 -2.078881326408022812e+00 6.224070743031214770e-01 1.036544761322126584e+00 4.016772252952838240e-01 -8.504704874031562278e-01 -1.384342501803073944e+00 -2.043698949430178047e+00 -1.461498153125889266e+00 -5.648623993979077218e-01
2.314352380240995988e-01 3.139907653247784869e-01 -2.423116848351011265e-01 -4.848282078931150929e-01 3.288495346870350944e-01 7.847776035788692761e-01 -3.451145046845994768e-01 -1.361301476167962043e+00 -9.030884350242738279e-01 -7.754766049990976517e-01
-6.581192033543020736e-01 -2.366114429363635474e-01 -1.114377626047980518e+00 -9.762424130143787515e-01 5.909248676112641707e-01 6.019388547633841569e-01 -1.326750749107067806e+00 -1.185204611454435897e+00 -4.191991099339638649e-01 2.865149024499857311e-01
-1.201094662114039924e+00 2.853580722581569584e-01 1.167838180446616025e+00 8.687549839980942545e-01 1.121030803021323408e+00 1.529382377413483596e+00 5.874264434861706796e-01 9.068638167267444317e-01 -1.118317231557736990e+00 -2.908890534923988525e-01
1.468876496453419001e-01 1.249175581648522271e-01 -5.789866752685807194e-01 -1.187750121434014150e-02 -1.905100602610855232e+00 -2.068400739771905972e+00 -7.087810399627418878e-01 -1.597504805471825218e-01 -3.876319236699999893e-01 -1.472367577012765882e-01
2.333328020850254703e+00 -1.418147956543305832e-01 8.593788770883309391e-01 1.216683551623429338e+00 1.251422227526271636e+00 1.959598562851466053e+00 -4.743883461041495386e-02 3.521147916876808670e-02 7.329955165540715800e-01 -4.576142984878099340e-01
1.932757229516413933e+00 1.921718574947000713e+00 6.299802786871309124e-01 2.439479105187326802e+00 1.896911612692606802e-02 1.886944467408309789e+00 1.260586680577439944e+00 1.378849208790974945e+00 2.767193406793996946e+00 1.428353088322933839e+00
-8.391350227486525926e-01 -9.719467144474595033e-01 -2.367374124682878112e+00 -1.749995851235197630e+00 -2.448946634770025721e+00 -3.025807202368770543e+00 -1.327216926663489671e+00 -4.119408075515832435e-01 -1.168513241571962125e+00 -4.492781084633025723e-01
8.588620973100656864e-01 -4.273247698083133539e-01 8.161145077773968026e-01 1.275546003662159533e+00 -2.727299107094858233e-01 2.224797432930633256e+00 -2.949024019944043173e-01 7.576006274722892897e-01 9.211230442025858389e-01 -3.992805340063693142e-01
2.413388046125043207e+00 6.064283724564212275e-01 1.531063364994996068e+00 1.984863668304066131e+00 1.554568624460759496e+00 3.837105821629938074e+00 5.979309056692756474e-01 2.268679154965091094e+00 2.477213238493846670e-01 -3.371160969889096526e-01
-5.200358773995552575e-01 6.607509401566001861e-01 1.649905680530105334e+00 -6.431548660302250919e-01 -1.443174864188543793e+00 -1.190164530787981123e+00 -8.056766024509390833e-01 -8.283476850557600635e-01 -2.214065317743975747e+00 -1.212323132013598981e+00
4.752970069732275760e-01 4.075597589099893558e-01 -5.499723946976892153e-01 5.925368814736140521e-01 1.976479041594794817e+00 2.036507931499534241e+00 1.148126242905672945e-01 3.540659418914031686e-01 1.771938854076316572e+00 4.274465569719362867e-01
5.492776645556768367e-01 -4.653754053827575676e-01 5.779297695292088255e-01 2.043387283592857095e-01 -1.581196530984559256e+00 2.910412130493053251e+00 3.941272024051498679e-01 2.312893295648356329e+00 1.623644820553688639e+00 1.072075383873899723e-01
7.368805199102117509e-01 -1.064636626491278104e+00 -8.057632478932947873e-01 5.882660236933270337e-01 -3.823747709449133447e-01 -1.121405907572937677e+00 -4.820114537602899762e-01 2.924511611943612088e-01 -8.566773121223797416e-01 -6.122465115105352185e-01
6.456592808134454797e-01 1.418815179526024539e-01 -1.475590500339179600e+00 4.380344603086958055e-02 6.193915412990236291e-01 -5.978709424037000897e-01 4.015167979958043087e-01 6.639160540006776579e-01 1.743562628006195547e-01 9.395823989096262485e-01
3.077725943441531609e-01 2.500870183427988391e-01 -2.963335755293879381e-01 -5.285014921705113444e-01 -9.488742718956058031e-01 -1.778176676489881203e+00 -2.440778979119026249e-01 4.135430206385007357e-02 -5.649304393159531035e-01 5.127568177653045733e-01
-2.508054366058122819e-01 8.149153869341624334e-01 8.365304684820226155e-01 1.629155346244486990e+00 1.057322644195194616e+00 4.050964266356420040e+00 2.740282831670886043e-01 7.746552055023546712e-01 1.239666485897491954e+00 5.127507097368535494e-01
-1.924408596217176345e-02 -1.870485240183298314e-01 -3.990423659327317907e-01 -4.948342555100632145e-01 -3.480825618869257121e-01 -2.231228374259792702e-01 -5.330604188166957469e-01 -1.780653823045752482e-01 -2.783008362969024430e-01 -1.163916138750393375e-02
-1.751597966517063121e+00 -2.197701088499651068e+00 -3.148106072918951615e+00 -1.729302074840731951e+00 -2.546966251120766689e+00 -4.015970698706645692e+00 -9.574434645450389247e-01 -2.655249876845557022e+00 -4.672862656438608875e-01 -1.783934090706976949e+00
-6.404317016770112447e-01 -2.576118560424920378e-01 8.934457742551861203e-01 3.968873922873103477e-02 1.433937569342629836e-01 8.694264939023865768e-03 4.295942530554811012e-02 8.572271065597975026e-01 -2.050680652154456274e-01 -2.896886664600235584e-01
-1.880538315564618257e-01 -5.133802362679786846e-01 -4.593816558080147106e-01 -2.896473370801215808e-01 -9.340327124146300397e-01 -1.393588457089056654e-01 -8.940683237735098654e-01 -6.570291306207585169e-01 8.844110587394000966e-02 -5.436906125831767467e-01
5.710923637444113021e-01 -7.424446164846301155e-01 -1.728633234946771013e+00 -3.842085795593752628e-01 -4.914081493716837556e-01 3.781699767905255083e+00 -1.667344094655809572e+00 -1.644533545482689707e+00 -4.239133656113252546e-01 -1.806145419916084460e+00
-8.888657926114601482e-02 -3.204837251967593836e-01 -9.774360910202668506e-01 4.750533258906222134e-01 3.204889067714334905e-01 -1.557444256790309289e+00 1.103384471267104816e+00 1.156201734933493874e+00 4.734274713196010009e-01 4.066440023376714508e-01
-4.900094786992809093e-01 -6.867642930873579799e-02 2.486933975788635509e-01 -8.802225601014675993e-01 5.497203584819757571e-01 1.153748536294977978e+00 -3.426503397346541968e-01 -1.002229018603883581e+00 2.619858674554779165e-01 7.066191583529747300e-01
7.166273414944352993e-01 1.484629312597806505e+00 1.491145514670066063e+00 1.010631434628524783e+00 -6.035389176456682492e-01 4.174117930711297220e+00 1.363786120553348857e-01 1.874120802231321881e-01 5.162326458561454778e-01 1.858536136483714407e-01
-2.498716025396895413e-01 -9.122967279740834545e-02 -5.411260340912966704e-01 -1.391933814422156468e+00 -2.588934926734328013e+00 3.451886626135183711e+00 4.869253275903806522e-01 1.329879121275713061e+00 -7.188663168185437380e-01 -1.251680378049913750e-02
2.888655216847448859e-01 -2.184352261321247796e-02 7.541275691469742082e-01 1.252008783101653810e-01 1.537851935203562670e+00 -2.738528696228531345e+00 -2.991666151876288815e-01 -6.471908386733756791e-01 1.530875151520085242e-01 1.143979005734943710e+00
6.023284717696174573e-01 -8.678979507396767934e-01 -1.252053555783688710e-01 -6.262675303473579369e-01 -1.040467619890168116e+00 -1.947174962447582036e+00 -1.705499317334258302e+00 -1.937992867132538155e+00 -1.036203666313166627e+00 -8.339805520241979631e-01
-4.630065263073742665e-01 -2.690914951964934465e-01 -1.433871774647024644e+00 -1.590966667875798102e+00 -1.520115476746994654e+00 -9.776315721460027142e-01 -7.098649127893642552e-01 -7.085374346289324832e-02 -6.741995689289076443e-01 -5.923753401164372906e-02
-7.964524844846355700e-01 -5.257017689598745269e-01 1.340665224456073057e+00 1.404880331818678441e+00 9.964999268014307354e-01 -2.392499097883933334e+00 4.133841179498009000e-01 3.265922783880159663e-01 4.661223148209602263e-01 1.397088365046867509e+00
1.114644969934854402e+00 -7.871655378879613418e-02 4.086445849373159661e-02 2.022862323367262127e-01 8.706686443091757877e-01 5.064293137942782463e-01 -8.129999464505293094e-01 -2.892090402580939357e-02 -2.983643894300123597e-02 -6.110119618039512313e-01
-8.463865284894249719e-01 -7.775868721829094499e-01 -2.152880819285339253e+00 7.194714325201707616e-01 -4.490744705699818429e-01 -2.155023315447641252e+00 -2.144756267326239918e-01 3.674815083174517438e-01 2.934113303160841915e-02 6.667927971184760549e-01
2.217045917184383708e-01 2.554028376691710012e+00 2.499991615038238191e+00 2.197225895811955265e+00 1.514468138199132730e+00 4.241489525652706760e+00 1.066402176231652010e+00 7.820352999395159266e-01 3.049281048864378452e+00 7.542539772451094526e-01
6.479319351565656637e-01 2.183867971998013080e-01 1.145371182689453482e+00 3.352009761730201376e-01 9.149616363227028870e-01 5.019503012352016569e+00 1.080210373082795661e+00 7.312153648696595454e-01 1.571057152367834275e+00 -7.569164164070024681e-02
1.483004533057298069e+00 -1.937413652620680327e-01 -4.815326130586971010e-01 2.716215615867928479e-01 7.398673829693914739e-01 -2.269467868220524653e-02 6.246537616096232703e-01 7.722807385862346941e-01 5.418505663396541161e-01 2.238186544845908732e-01
-3.674611040671298956e-01 1.276830114735931221e-01 9.329963094063910001e-01 7.007090597680945554e-02 -3.346950642530533981e-01 -1.298675755650670061e-01 -5.927288213327053246e-01 -6.536583843434111696e-01 3.697366329380604166e-01 -9.310540001847394942e-02
3.232988721696166134e-01 -1.313675705539504968e+00 -6.312491720897683845e-02 -9.444209267803423957e-01 -1.853766839922354803e+00 -2.554316335929980308e+00 -8.475552949563962546e-01 -1.162898913417909297e+00 1.890747774368667922e-01 2.303221362870152555e-01
1.541632136002894837e+00 1.645316482472304331e+00 2.125631093173406594e+00 1.131833702775043804e+00 -8.196408187535134116e-02 2.858250042306616390e+00 3.861636220001262165e-01 1.297971687434378740e+00 1.363795469828557039e+00 7.209781636379304359e-01
7.415520825440233832e-01 -3.168782003367058564e-03 5.435201820678717821e-01 3.626470028231093545e-01 -1.282944806963936646e+00 3.819801536511153284e+00 -4.242347626456743903e-02 -7.802582834051663419e-01 1.567481692826115713e+00 -1.191785235162522660e+00
1.539731726460851213e+00 1.856713142361988700e+00 1.013863867433046018e+00 1.429319641786346962e+00 1.358109599755358277e+00 2.349484277054861625e+00 -4.047793236039305409e-01 -1.453291039906247917e-01 1.213048882138889173e+00 2.036753668131521255e+00
6.557807196936894512e-01 8.283264432178376602e-01 -3.810669262138372537e-01 -5.659255762906637566e-01 -2.148241725620934517e+00 1.552209749937683014e+00 -3.003373813986093266e-01 9.207909935702469628e-01 8.642963740627902514e-01 -5.800574286392715662e-01
6.421046096438791650e-01 -6.002726556021299453e-01 3.778831554921067148e-01 -3.784510571829448056e-01 -7.303868743939235797e-01 1.313746169566087030e+00 5.893633469167205985e-02 6.544375784951771413e-01 -2.661238090639806986e-01 -7.041115102070347187e-02
-4.620337441066141304e-01 -2.476341726729309189e-01 -1.544438638604100245e+00 6.258731109514535651e-02 -1.171530796944967312e+00 -4.515927165176664815e+00 -4.016594111661138111e-01 -2.157597643291834011e+00 -1.050033928021909979e+00 9.459918037451565676e-01
1.038770348218860384e+00 -1.396217873966043355e+00 -6.877276291155264287e-01 -8.231030187354275718e-01 -1.041642399071098651e-02 -7.560994601369718238e-01 -5.593259277744297431e-02 2.815003627499804706e-01 -3.924163744925174280e-01 2.772541434015340228e-02
-7.539072504717658774e-02 1.068185882697569866e+00 -6.090618163803998009e-01 3.722049052182900830e-01 -9.219542197994085031e-01 1.759080508941607945e+00 -1.462526013771345612e+00 -4.366955496046779350e-01 5.092992899187481770e-01 9.199567636432838258e-01
-1.498619371771904518e+00 -1.305943142425568970e+00 -1.266361915207244060e+00 -6.980830491394559578e-01 -1.465207644590548419e+00 -1.528805623628063382e+00 -9.664235540259491497e-01 -9.504450836487849941e-01 -4.503910097183197458e-01 -8.977972158284729387e-01
1.056677965977577127e+00 1.005649531530373064e+00 8.208657850305070003e-01 3.348271541494914905e-01 5.549256729207152627e-01 4.951023779813605863e-01 -3.454105799022576528e-01 -7.011006643418477013e-01 1.596533640341125659e-01 -3.356243886614757727e-02
9.476146706015612375e-01 6.417162433844597613e-02 1.050451558625184134e+00 -5.160952074215985341e-01 -9.877722040965881689e-01 2.390687072501265220e+00 -1.116787288201060546e+00 -7.616193019482300208e-01 3.514649970784720079e-01 3.244747049434970054e-01
3.599626129233435279e-01 4.233254443530736766e-01 1.078050016905800046e+00 -4.406081143394648958e-01 4.344816470694646826e-01 -1.996503232995243682e+00 3.808378557060695946e-02 3.118340609778965655e-01 4.511778863584746668e-01 -2.221294663495938071e+00
9.107814643165231816e-01 1.230170943692874497e+00 3.421271906848298849e-01 -1.974789529058962045e-01 8.631519765026576807e-02 1.696115922137615861e+00 -6.314815011331575967e-01 -2.604105236233764664e-01 -4.374421902040991073e-02 1.619078418106337236e-01
1.195553513290094960e+00 9.045238509991244680e-01 1.156081671198134542e+00 -2.260928237640504601e-01 9.650177373065736974e-01 3.036339867116996327e+00 -8.621154334979314049e-03 -4.713095325414515813e-01 -3.782129094388428925e-01 -2.514764288989668750e-01
-4.140176597447061679e-01 -1.525149399385463123e-01 7.621576602125031963e-01 1.542539397933531564e+00 8.491988355440824865e-01 1.151184017139003979e+00 5.966777526305955259e-02 4.519367505840090615e-01 1.411817870393559993e+00 -7.169018465477547952e-01
2.951146012159819310e-01 2.240385868151615778e+00 3.186640688945686861e+00 8.915833065916813904e-01 1.006996359702136745e+00 1.932023712545726912e+00 6.490111004342983270e-01 -2.365156533947856687e-01 6.976466253828942365e-01 2.343678182444235147e-03
2.399324924528029701e+00 2.524281030865165865e-01 1.106143844847364832e+00 4.288375688710593936e-01 3.945489254015995817e-01 2.737747057955131513e+00 4.427956224373740257e-01 3.776774784983493172e-01 1.208314082743972007e+00 -1.555711822939684685e+00
3.212424295477239178e-01 1.158859899506166524e+00 -4.614258525195938931e-01 -9.912846185472117266e-01 3.943115097668371538e-01 1.805656095140060202e+00 -5.488709675403510291e-01 7.304734842728203281e-01 6.330785271443731821e-01 -6.056728717387352967e-01
1.122192963462421034e+00 1.337592797252373122e+00 8.166029273318110571e-01 1.159989042173507290e+00 9.900213751355094738e-01 -2.785187205726443960e+00 7.898587150862057538e-01 9.760282884895438160e-01 -6.861441642598611335e-01 1.594589378007860381e+00
-2.882061238580704288e-01 -1.094083059710226236e+00 8.386229289825546385e-01 3.045131148200299620e-01 -2.980766439968280390e-01 1.509761493792355580e+00 -9.346714476945625627e-01 -1.779066551592993539e+00 2.098119789159957338e-01 3.777788373655176918e-02
-2.826203965624498604e-01 5.087521360932629744e-01 2.741013853662130906e-01 7.915895213427657229e-01 1.080307937308955912e+00 4.745864762853191365e-02 -8.988319815165471960e-01 5.292397263279138842e-02 -1.235523846818463098e-02 5.776131168825135997e-01
-1.870669367163812158e+00 -1.551047176218267043e-01 -1.784648827644318425e+00 -1.210475964963094508e+00 -2.270186652613797484e+00 3.703111333180600928e-01 -1.005842849449367193e+00 -4.682447419730577653e-01 -6.862793253983362485e-01 -3.152645694103659579e-01
-5.435943448973645786e-02 -1.784633155193809051e+00 1.448453933405355887e-01 -5.410897452613213643e-01 -2.137910082843946125e+00 -9.136482848666831469e-01 -1.498690685363368580e+00 -2.009609460085827415e+00 -1.171059306604798067e+00 -1.636661134568124565e+00
6.305669352214067214e-01 1.332436125084741213e-02 6.846116412173339771e-01 -1.159878658763060066e+00 -9.351234713119205288e-01 1.489759024745630045e+00 6.093098687766084209e-01 -1.288075742357296660e-01 6.997754102455631953e-02 -9.856147779055842717e-01
-9.290896797949736996e-01 -1.043964616533734846e+00 4.188323601194109402e-01 1.375307854981065170e-01 1.936950501890313925e+00 -7.085335382176900509e-01 5.089212595047087895e-01 9.398708255114907040e-01 -3.735188065465773199e-01 -6.962550049694046228e-01
3.939790610909565394e-01 -1.037903164640560538e+00 -6.149654839436662357e-01 3.579856418559643760e-01 9.362336560487882764e-01 2.124906936611214991e+00 5.314010377619838854e-01 -4.239343653317636518e-01 9.463564174105290050e-01 2.416375173886236433e-02
2.006504399935153948e+00 7.212417623616335094e-01 1.710088732266537681e+00 1.794264914313737247e+00 1.634194560973202037e+00 1.137019083862252034e+00 4.831471343578416233e-01 5.571518545822049528e-01 2.568169249851611213e-01 1.821661409655719321e+00
1.760609720102960019e+00 1.367591736141775982e+00 4.637763101070151439e-01 1.251825428494396097e-01 2.111957751024968299e+00 -9.353948742900998203e-01 6.425385834439522048e-01 4.974285320145613865e-01 1.136646045756237511e+00 1.258650965519191978e+00
9.471674232519234904e-01 5.506178559319713922e-02 3.766145359483564770e-01 -5.098071340117498185e-01 -1.006276729719143948e+00 2.956381173995433986e+00 -2.087412362179131564e-01 -1.503088779777761674e+00 3.438515388034407150e-01 -1.187185933099840440e+00
4.956689444228238317e-01 1.513573524648732294e+00 -4.825602770300476685e-01 5.535159447178303882e-01 1.297839753381141437e+00 9.459150818803563343e-02 4.869528270184910745e-01 5.349172724573161286e-01 -1.707768104150847455e-01 2.602304713668450453e-03
-2.574365711888576547e-01 -1.873963200338996771e+00 -1.766667000270339516e+00 -1.288000771631649055e+00 -1.587095374555365535e+00 -3.963774116121622004e+00 -1.090998487902279823e+00 -5.382531427024783710e-01 -4.049055647621639942e-01 2.107447562469504931e-01
5.346897620274212448e-01 -1.332079557498240252e-01 5.875600158987809296e-01 -5.156125909912171457e-01 1.025015768737598698e+00 1.254150510315432898e+00 2.374035774785658026e-01 8.485909717675225172e-01 9.465174464155730050e-01 -4.840083629405635413e-01
1.678863294150410024e+00 3.922586456783249131e-01 1.525067000342327228e+00 -1.298277861480258144e-01 -1.321078163345757783e+00 2.042261100228406345e+00 6.851196509852933714e-01 -5.164167149634555365e-01 -5.171836775862672653e-01 5.048824510437576185e-01
-8.681153017818062922e-01 5.810329322589966594e-01 2.367546650801481412e-01 2.262564953232126252e-01 5.184681896867863182e-01 1.969664425215678083e+00 -1.574767997341058212e+00 -3.055377783993959984e-01 1.906650852977556321e+00 2.317271755802304267e-01
1.018897804914216110e+00 3.127111998462248077e-01 -2.535776578118573710e-01 -4.410195214379939443e-01 1.293960752244966095e+00 2.164715632410449064e+00 6.360445762254107738e-01 9.345986957271501527e-01 -3.032637214172303683e-02 6.149793165230249548e-01
1.102064183036469691e+00 1.273662995192573755e+00 5.749135682521980817e-01 9.154678333514820743e-01 1.033738509801789274e+00 -9.335137951064798045e-01 -5.045522756575305801e-01 2.137179996139146054e-01 1.467465220304372098e+00 5.521875770135802747e-02
-2.031144302072911412e+00 -1.818259882403472583e+00 -1.532648166134198631e+00 -3.180311680719595469e+00 -2.003036430365743303e+00 -5.566322751924190904e-02 -1.025857613447602734e+00 -1.326822525154865762e+00 -2.488801782463520240e+00 -1.965651852000378508e+00
-1.676509578139301571e+00 -3.957654072027804587e-02 5.784772512474576356e-01 -1.443099192131738484e-01 -5.523109267898650421e-01 -2.264511686626668130e+00 -1.210696072850269367e+00 -2.400376968081591456e-01 -1.145153949673029858e+00 -3.101244457121160036e-01
-1.523584472190365524e+00 4.178992494552650760e-01 -1.552507253514358476e+00 -2.250767090884906729e-01 -1.407790977332730842e+00 -8.333195311186181176e-01 6.033287231388231309e-01 5.225257284975081129e-01 -2.734448998417546850e+00 1.095060727272687995e+00
2.124229061206504898e+00 2.115877838005886247e+00 2.378452345461810946e+00 2.894607433210025782e+00 3.967069610281163783e+00 -9.967600104191104426e-01 2.701604131491280647e+00 1.893852533526261261e+00 1.285594866465679109e+00 1.970583759471913776e+00
1.095519530418930243e+00 1.151301650599568516e-01 -5.784526161921033777e-02 -7.052950458461837435e-01 -1.482517519678167861e-01 -9.632187929462108222e-01 1.616294369146268062e-01 -4.479297844501425319e-01 -1.336932401516802982e-01 -4.041734026063607543e-01
-5.335654082383997077e-01 -3.529240114679332296e-01 -6.498660375659914834e-01 -9.784475956655303008e-01 -2.100037185165187115e+00 3.559793561057962297e+00 -1.263755305162405307e+00 -3.966591283863206696e-01 1.584809685726861275e-02 -9.131500599537535345e-01
-6.208492611882343581e-01 -1.502325132571640465e+00 -1.355092267058424227e-01 -2.372461451813462074e-01 -6.468466321836516819e-01 -1.501058805305601318e+00 -1.532283230223931703e-01 -5.715968593715298196e-02 -2.634183312439858926e-01 2.893799899297855860e-01
3.837827727499808494e-01 -9.645204541578358826e-02 -3.474540135378680894e-01 2.471091737880772576e-01 6.371775540749806677e-01 3.983846411010676380e+00 6.897348724223969496e-01 -8.469302109211609975e-02 5.955621104917693254e-01 -5.654573170146132144e-01
1.103161429939467642e-01 -7.573386592003977791e-02 -2.513794205042461094e+00 5.083571246626255036e-01 -1.373071389181364399e+00 -1.847432436991883531e+00 2.448916105054767256e-01 -8.212018324546449533e-01 -4.245412904316266944e-01 -6.084822835683912912e-01
1.277660216215824596e-01 9.784280527343908185e-01 -9.038899346213727926e-01 4.203790136751714424e-02 -7.621489729279288250e-01 3.433060578514250061e+00 5.125971553390662461e-01 -1.292356028285915448e+00 3.372933104752925959e-02 1.279122904334026423e+00
-1.497459038552237054e+00 -1.096574863267985256e+00 -1.255924280156972772e+00 -4.486870094910119233e-01 -3.022039893218955164e-01 2.810338109652018801e+00 -8.264877974158129081e-01 -8.205952002413380297e-01 1.903786613364511771e-01 -6.972734464674655852e-01
-1.082154846937642301e+00 -2.334305092718061303e+00 -2.572541213268419558e+00 -2.299882863590354543e+00 -1.250836819039718772e+00 -2.844912917735564317e+00 -1.095203640959863334e+00 -1.824881612675402831e+00 -2.597471596377953329e+00 -1.280206842468355921e+00
-9.040408950772579333e-01 -5.395027609536853230e-01 -1.516552262914546478e+00 -9.885372142915254123e-01 -5.788720099953712506e-01 -6.448815973578855276e-01 -1.120842458565918243e+00 7.652038528969684616e-02 -1.996996708498711692e-01 7.822461942317765482e-02
2.381618799374828344e-01 -4.770259542352545679e-01 1.150071342945696157e-01 -4.536968743153061423e-01 4.877510009238174293e-03 9.375584303655351004e-01 -4.045982113252239998e-01 5.683710703050705026e-01 -4.202141361180997681e-01 -2.862374565656227721e-01
2.862922084297181771e-02 -2.494796662464144443e+00 -2.604953569067756103e+00 -6.438012771488350605e-01 -1.922675533882258314e+00 1.055896948011595837e+00 -6.812113366519516600e-01 -6.388254072702853614e-01 2.392365017134238658e-01 -2.014418083730680653e+00
-1.452877483452056584e+00 -2.611032853582084812e+00 -3.497497127812390527e+00 -9.712187493110686631e-01 -2.163352974091080849e+00 -5.564687502911901618e+00 -1.769448662413481754e+00 -1.734760272048336827e+00 -2.320839555920586772e+00 -5.175495795409120747e-01
2.124902754500489266e+00 1.765874234421348943e+00 -1.844358849306166892e-01 3.298598579324182323e-01 1.370942269464182628e+00 2.974966550900310924e+00 4.119480390164604877e-01 1.700520783149256587e+00 1.384038220689171483e+00 -4.962259745356180640e-01
1.940176804916811992e+00 4.731412868824670936e-01 -1.093435654821865777e+00 7.969609499780672124e-01 -1.332590902219519480e+00 2.786662936400615465e+00 -4.240301623220097404e-01 1.459971745010472777e+00 2.919167678764214013e-01 -8.315429675565005896e-01
5.164283589394410567e-01 -3.672034757982328007e-02 1.470141757698590013e+00 -1.672259141619279188e-01 -3.576000811273056801e-01 2.386516172027308702e-01 3.781142712026481778e-01 5.939416652279960740e-01 1.570380713207582213e+00 -1.283905975971900482e+00
-6.483990975831951387e-01 -8.481420470428701064e-01 4.084394053554257220e-01 -3.195115878959955413e-01 3.265982959189476231e-01 8.734832550175999355e-01 -1.790062493491784368e+00 -1.474437513349996287e+00 -6.925578834216864488e-01 -1.448040357575369086e+00
-1.720351434305705807e-01 -2.188291760489459836e+00 -1.115161847390604200e+00 -5.839003883338415024e-01 -1.041712424548968174e+00 -4.009910267176544529e+00 -8.522030348354693308e-01 -7.137510714331465334e-01 -1.662429056292030305e+00 -1.606258517946521081e-01
-4.762111542015450283e-01 -6.205584968495119619e-02 2.060812906052226778e-01 -1.200551442241171607e+00 7.852642297485404876e-01 -5.196172114586975255e+00 6.213462036891534979e-01 8.292404799949030236e-01 7.331792294814234445e-01 1.632843681173030692e+00
-3.999457932167752583e-01 -5.501581274354789830e-01 2.352789488028048659e-01 4.769596466369212528e-01 1.329808814328291566e+00 6.857696848897936182e-01 9.076329263380400469e-01 3.445511329574457715e-01 3.104375488425689111e-01 1.162348738119944658e+00
2.805263552734938229e-02 -1.574971111358890674e+00 -1.799395168793310296e+00 -1.542754646007332253e+00 -2.186086090599194787e+00 1.817363055084203483e+00 -1.155786880380399007e+00 -1.783089371131096446e+00 -8.585042314115628459e-01 -1.392604407837270353e+00
1.024066522328362927e+00 4.610315090729228543e-02 -4.791438381069796915e-01 -5.100297233911771366e-02 -2.610136521545955990e-01 -1.602875575821256060e+00 -1.777178894391178987e-01 -8.815033482223608718e-01 -1.965708441823185160e-01 -1.867483277879440906e-01
-4.462812890072317407e-01 -1.184342678270142168e-01 -4.657319887858890617e-01 -8.078935661104837962e-01 -7.608736171280710003e-01 8.798318444100633462e-01 -9.379109494670870850e-01 1.614644343997201636e-01 7.553038561069035095e-02 3.920204933437909101e-01
2.326333899015731524e-02 -4.599400845755478029e-01 1.228818667847069168e-01 -5.191943653658257496e-01 4.997530777857853712e-01 -1.419119191104166955e+00 -9.113077235557527356e-01 -9.869489015364107942e-01 -9.420030963157518533e-01 -7.029899826271572838e-01
-4.733395068994398214e-01 -7.884866739665682411e-01 1.892455398168449543e+00 1.110681641612567327e+00 1.039314506009001882e+00 2.853517574593178008e+00 4.468618232031680293e-01 1.585038634540259783e-01 6.684084840546868911e-01 5.026289479290303452e-01
-1.029021324455939856e+00 -1.267135822413953283e+00 -1.860960805766697534e+00 -1.285376057183474252e+00 1.209755499233317877e-01 -4.683553321133855363e+00 -6.924862459416193383e-01 -1.269237349391570291e+00 -5.464553212448182151e-01 -1.997956202593266228e-01
1.786838218151186153e+00 8.656560541825162325e-01 2.349089671891014530e-01 -1.350071277572560402e-01 -8.625459516426691176e-01 3.268909666729036267e-02 5.670684603811473878e-02 -6.893891931274623852e-01 8.998676119464703305e-02 -6.980515641727921272e-01
5.492767092343262547e-01 -3.642539686614954531e-01 -1.253243908580634614e+00 -9.263666820808794666e-01 7.492220032839540522e-01 1.656667231056595746e+00 1.236858111163759322e+00 1.591809435305301612e+00 1.184590218946473650e+00 1.313607470004447997e+00
1.353170546013306996e+00 1.909566219141074078e-02 -1.139580769151247619e+00 -5.636489323641546978e-02 -1.089329771608610997e+00 1.032493478775271978e+00 -2.276810418325603547e-01 6.036934930180037906e-01 8.643316470758343195e-01 -1.361565508080798265e-02
7.630751706058633843e-01 4.357794757905849026e-01 5.985185370270412752e-01 -1.057852636913924282e+00 -1.887214969040409696e-01 7.516770661574270207e-01 3.661691883283818560e-01 -2.089875578200977857e-01 9.650737719395031666e-01 -9.508236772472756781e-01
1.695826826694743605e+00 1.925502607077786532e+00 7.458185499334153423e-01 1.635820142396000154e+00 6.536686165521429226e-01 -6.815955589262142622e-01 1.349173775593609070e+00 2.340374508721584590e+00 1.582803683236339687e+00 1.244979591790366991e+00
-2.653880946259775109e-01 4.314506634425719356e-01 -2.232575067389290790e+00 -6.076507956046269809e-01 -3.096061280761123857e+00 -1.759537221219136249e+00 -3.583094223244863707e-01 -2.355386464976394034e+00 -5.458609851426770021e-01 6.265591845218381195e-01
4.502659019085973879e-01 3.951734857351562602e-01 5.123625977992068981e-01 4.892141083661554202e-01 7.939474223115278173e-01 2.537969433230850225e+00 -7.001165870884771270e-01 -1.133492061461595535e+00 1.001463787319491594e+00 6.642093676692316651e-01
8.969757294552058724e-01 6.227854579054689088e-01 5.787290512941287712e-01 5.677819800379577675e-01 -9.282887367768981601e-01 3.286410248936161071e+00 -2.137009453253244928e-01 1.923509748241176431e-01 -1.170063761453770251e-01 -5.951717991688616066e-02
1.726785832261598319e+00 2.320106504944680736e+00 1.280991323389742753e+00 1.112206801282768609e+00 1.228102111741533831e+00 2.059786910030477092e+00 1.273783426014137410e+00 6.083681258366102629e-01 1.642638047257362066e+00 -4.254950109877806419e-01
2.896875668523189451e-01 -5.052563019717568604e-01 2.540937602183835908e-01 -1.049048466945728286e+00 -1.729191242747001589e-01 -9.788362867271175327e-01 -8.443272390189977550e-01 -1.113819432036130319e+00 -1.522013140494834049e+00 -5.554960329412623327e-02
1.121179656136488845e+00 4.305328348088718893e-01 5.333939481435115981e-01 6.849319522524381920e-01 1.627612083595746606e+00 -1.535029764263081020e+00 -8.829695605331006059e-01 -2.076713738015716071e-01 -7.699626982589570512e-02 5.054215075683967662e-01
-1.877511439070841393e+00 -2.783415778934942297e-01 -1.416219242380779120e+00 -4.323136933760211020e-01 -9.733673487070175767e-01 -1.991531191708231230e+00 2.348264058391942577e-01 -4.534286837577132800e-01 -6.872412281093990272e-01 -2.366303885142618246e-01
-2.698067710494675420e-01 -1.070248963936997422e+00 -1.927787990840426735e+00 -1.042556856910033858e+00 -1.041294746450308173e+00 2.281332651367568243e+00 -7.350495826963838741e-01 -1.162545500476136695e+00 -4.529438571656820844e-01 -7.992231409270881271e-01
1.077787306147558466e+00 1.249766534183708755e+00 1.873078312643269294e-01 5.359531044005969025e-02 2.235117117005848975e-01 1.738805512478743376e+00 -6.962102218484880756e-02 1.093474396661916037e+00 5.655333846258536745e-01 -6.490856586659601302e-01
-6.155762747240507426e-01 4.421439473968669792e-02 2.453687499963871588e+00 4.050650885052131667e-01 1.536980017591200065e+00 9.086363141826385714e-01 1.972798090294133611e-01 -1.095749682645980494e+00 7.610575318780003762e-02 -9.333049355925474577e-01
3.995328945830845524e-01 -1.387679641677336484e+00 -6.362884355995558350e-01 -6.808499827497831447e-01 9.463081734673990386e-01 -1.898881110514855308e+00 -4.770805657353920370e-01 -1.375394661215432190e+00 -1.232488608175962952e+00 -7.440862214611270176e-01
1.511069201692904596e+00 -7.690232805304351160e-01 -1.003551978590685900e+00 3.088477122802487651e-01 -3.764137194261166774e-01 6.635149285321388923e-01 -3.076191076061504659e-01 4.618102263169974186e-01 2.331263361145961277e-01 -8.107806284916260209e-01
6.790119299335303227e-01 -4.344044492836007243e-01 2.700061777894786075e-01 -2.863499541595243558e-01 -1.641084835590917779e+00 -1.035902158340467505e+00 -9.869524318693051468e-01 -1.158889670032722252e+00 3.147643064173322180e-01 -1.011629754304373963e+00
1.179843999802068000e+00 1.281741449526096366e+00 9.447825121755122346e-01 4.274495665191344052e-02 1.374083329617372007e+00 2.591312563774062827e+00 -3.594462994916057808e-01 -4.203471701255615534e-01 1.003065854844638505e+00 -1.852911222274312153e-01
5.256247045515447525e-01 -1.184227724608314380e+00 -6.484168146380361319e-01 1.302785940142065779e-01 3.611756393902539886e-01 -1.077730548456930837e+00 -5.628406600562227413e-02 5.318439419818405955e-01 5.899039235755808575e-01 -1.212138149263347064e-01
3.348059496781891076e-01 -2.086931970287487115e+00 -1.212545592044254050e+00 -5.146979722543081337e-01 1.490307896201356508e+00 -1.373536856941353967e+00 -2.379726585052948373e-01 -1.771574929503032081e+00 -2.211911783939716436e+00 -6.333118252926134284e-01
2.878665767298905775e-01 1.172641035512638485e-01 2.786637347521224717e-01 -1.226779942162748716e-01 3.324168236797037101e-01 3.980781225744409735e+00 -1.496394979223240052e-01 -6.259553406936095854e-01 -1.697707010069305911e-01 4.089438475741621892e-01
7.013052567767302792e-01 7.254051679192913271e-02 1.079392135770617545e+00 -5.559311534534708277e-02 6.362321123493591690e-01 -7.996081113603086266e-01 -6.929123033684798649e-01 -1.481701742314364689e-02 -2.407904595516077717e-01 -2.478853452774743005e-01
7.727885225361187382e-01 -1.067749057528885603e-01 -9.073826618179073322e-02 6.640550808691383367e-01 4.355173089552282217e-01 -2.833424670215739294e+00 -1.440748911117701203e+00 -1.189685440487036727e+00 -2.107172069747939858e-01 -7.996145397616449824e-02
-1.092926162275409174e+00 -9.671933511028327768e-01 4.446061645363316162e-01 6.754313072422446496e-01 1.099578378377025212e+00 1.293847450085042539e+00 1.091713199509776855e+00 2.951092512502417886e-01 2.313114104375031399e-01 1.974674753108050851e+00
-1.483010305398043682e-01 -1.111148789267359716e+00 -1.646585549139490068e+00 -1.264494425152931367e-01 -1.380144675703739887e+00 -2.333338181841215775e+00 7.827953222213137607e-01 4.279642541185639804e-01 4.879214122053368019e-01 1.538015822750963935e+00
-1.803618575326032092e+00 -1.434136763878183007e+00 -1.353748959143694641e+00 -8.323679802008562278e-01 8.931524922072289763e-02 -7.016397981568822662e-02 -5.196082981422299740e-01 -2.437351556011152276e+00 4.002438523747700594e-01 -1.360827185041519338e-01
2.769332371428195216e+00 4.307429483218294108e-01 7.425282653587771398e-01 -3.619698856811425225e-01 -6.036614115434343342e-01 -1.102752763771149003e-01 3.659142265848310815e-01 -1.894969670880951862e-01 7.289178561017485292e-01 1.604371399643199081e-01
2.215777463204639641e+00 1.873573692973276694e+00 1.138970407800032003e+00 1.278901854638255564e+00 3.713821966352705284e-03 1.633421670022319749e-01 1.215155309977325571e+00 4.402299512093394984e-01 1.194445289168451163e+00 1.269668317217616638e+00
1.413872395980144470e+00 1.764442388182203003e-01 5.246658077812848403e-02 3.442281694535666015e-01 8.279780161022847196e-01 3.577841025451753421e-01 3.518735552485379170e-01 1.550926319483111104e+00 9.291397078911207696e-01 4.732695653726287088e-01
1.024804011104421209e+00 2.601141790493547656e+00 1.239286269713960609e+00 1.308461540147549895e+00 -6.317390855021529084e-02 -2.469917083586915307e+00 -8.371244487808686685e-01 -1.411760482859362453e-01 -4.072757991195552485e-01 3.213016242098982178e-01
4.444299747333939066e-01 -2.031417645761701696e+00 7.514982153863465353e-01 1.067300631460343485e+00 7.472221750151903930e-01 -7.290861019973021717e-01 3.458847074498181406e-01 7.796012310137381274e-01 -1.013752245241233002e-01 3.459172815414784247e-02
-8.447648684819354381e-01 -7.282816320490449469e-01 -1.114782645077113665e+00 -4.170542535305861165e-01 -5.590558153270235309e-01 2.308608317213068362e-01 -9.687572299880752302e-01 -7.881689803906835046e-01 -7.761174806624091538e-01 2.181083923068543595e-01
7.798349308662917423e-01 3.512832821482206325e-01 1.718902270685323641e+00 -7.748206880928190654e-02 -3.156594565873357405e-01 2.182880899474523684e+00 -9.826762074733339514e-01 -2.261649917730429171e-01 4.001399874496493481e-01 5.228811122842518672e-02
7.949597274203262787e-01 1.285727204238948262e+00 1.317936242984639517e+00 7.789310805010170036e-01 6.155212661488916881e-01 1.934060232377533772e+00 9.377007703799398186e-01 6.643558419897792611e-01 1.530874697003988372e+00 1.114394881473113608e-01
9.160889574962316484e-02 -7.282245508672546830e-02 1.541481971699311559e+00 3.420851572527721096e-01 1.044583089859207226e+00 2.885048893900597822e+00 4.957745637145640760e-01 -1.278718098446809670e-01 -2.253614041040447602e-01 1.663988843809144913e-01
-5.463123835558011954e-02 7.074095713367493099e-01 1.323174629829531046e-01 -1.098067913960761033e-01 -4.705718470324870562e-01 2.507381276554571770e+00 5.201637486160872736e-01 1.396813387429799658e+00 6.196314923659291818e-01 -7.330648586634015418e-01
-1.419727487060078897e+00 -1.351010603779057684e+00 -1.573179712409014774e+00 -1.633384115372178869e+00 -9.933914338000622291e-01 -3.765868725901655001e+00 5.428399129748125995e-01 3.740741965016718407e-01 -2.434413757383628418e+00 2.767496813277627865e-01
-8.861260975065573531e-01 -6.176683045284522278e-01 -4.862706529125560700e-02 -1.716215514972499578e+00 -8.203157823702145190e-01 -8.051427864658770028e-01 -2.391570446795354410e-01 5.535050635243651262e-01 -6.056336636263593975e-01 -4.290542689072161520e-01
1.624386919835604459e+00 2.344582587922919625e+00 4.777144752096506575e-01 1.309608843446275817e+00 1.432804856991725995e+00 3.182413040320521080e+00 5.042251273476330287e-01 3.600312250360166999e-01 2.039180604977978817e+00 3.969559409625939006e-01
7.923246344928689400e-01 7.563340086492390535e-01 -9.139825047319691809e-01 8.420448627447120193e-01 -1.090236717060855398e-01 -7.053436128032890551e-01 -2.228660935560783096e-01 6.253206520027126958e-01 3.749217681769311250e-01 8.704745794844447326e-01
-5.329147682263285501e-01 9.777420622385213367e-02 -1.877769986778912992e-01 -4.677309912224146826e-01 1.742838011921200303e-01 9.967503101279207023e-02 -2.168431094419427108e-01 4.217432077311641936e-02 -3.019349760858747733e-01 -4.066433037435238096e-01
-9.996897659099621691e-01 6.602916188698085831e-01 -1.584836126162377234e-01 3.501264664472789612e-01 -9.410904048489276974e-01 6.330962921696312584e-01 -5.492900412551398048e-01 -3.213409474609074667e-01 -3.783983554783391656e-01 7.819540794059559596e-02
-8.019207720075641754e-01 -5.829634710548478038e-01 -2.462913652526828034e-01 -1.092210048533424072e+00 -1.896263544766397580e+00 -4.675395122318386498e+00 -2.310051436015860826e+00 -1.401231002706046613e+00 -1.674898679436488846e+00 -1.559349867728111905e+00
8.357367042241178323e-01 1.322975158096276194e-04 8.472213519056480679e-01 -2.226838066939026695e-01 7.813874108976149868e-01 -1.077777543041714914e+00 5.753637591686875385e-01 -5.909646122757550302e-01 1.719580985531177220e-01 -1.532757854675318998e-01
2.006689886103738996e+00 1.188431250411310813e+00 2.754234957738501688e+00 1.926767047422345003e-01 5.551905410250664863e-01 3.105265891031174341e+00 7.115325851870075713e-01 7.912487837174617678e-01 1.337086936811845206e+00 6.504151417875320140e-02
8.963542491000472956e-02 6.636217671494600845e-01 1.995974827130989060e-01 3.676261924472702391e-01 -1.053818871235260302e+00 6.273303479249002779e-01 6.022041714284060987e-01 7.012515409487659612e-01 -5.382548211228295465e-02 -2.708210621089897074e-01
-2.395276006939029756e+00 -4.996968362176746337e-01 -2.398414986298169627e-01 -8.953395917921100899e-01 1.330305061282825774e+00 -3.059665390188815781e+00 -1.474431891843050457e-02 -4.328034576656182297e-01 -7.678170403932120802e-01 2.146517387960992784e-01
-1.339837147370547932e+00 -1.979170848283154038e+00 -2.297468246753437082e+00 -1.245860643352026953e+00 -3.198530740543725770e+00 4.089186844940116972e-01 -7.050266781423394358e-01 5.045506542885126733e-02 -1.216295434037966361e+00 -1.014230540763693345e+00
1.446476790291715941e+00 7.027283782820664682e-01 -4.823018701735267699e-01 -3.157325659550863639e-01 1.704766191101174444e+00 4.145005963466218191e+00 4.957986380049110853e-01 2.720366203644219993e-01 1.017350950956358524e+00 -8.142579004412782151e-01
2.255722931425117928e+00 1.250045909160579560e+00 7.981567521881930416e-01 1.080964785994800614e+00 4.499815769884490946e-01 3.228878092350270013e+00 1.381175535060025217e+00 -1.451824262963057055e-01 1.871880464447033710e+00 6.057444415928693315e-01
3.414470831439360143e-01 1.697530797552283088e+00 1.809755366003232835e+00 -7.948528277225562766e-01 -1.092848611758148625e+00 1.644522991594456585e+00 7.522757727681806950e-01 1.018073354477430914e-01 1.327180382568084793e+00 -1.947925398029184962e-01
-6.695681716915746762e-01 -1.614091281944006195e-01 -3.789925396680916547e-01 -1.591704440889274708e-01 -8.050980444825550641e-01 -4.790559612479454166e-01 -1.370601321943703876e+00 -1.320233907067783763e+00 -5.906118456909431602e-01 3.371895599355050760e-02
-1.600368306390560491e-01 -1.235802643806882539e-01 -1.820132800817238605e+00 -2.748021262674711362e-01 -8.243947794017392194e-01 -4.637040378532461204e+00 1.611626227894820407e-01 4.872373707394817011e-01 -1.645148912725428625e+00 5.593957861155363087e-01
-1.348410547820561023e+00 -9.164663265530311742e-01 -2.467233022330998171e+00 -7.176375195803770257e-01 -9.093110307760363664e-01 -5.043520345069364197e+00 -3.116002019071157925e-01 -7.911486513073412441e-03 5.210674932573835516e-01 8.219741845502762656e-01
-1.497161205536317929e+00 3.919272073869336515e-01 -6.153566777593822978e-01 -4.463878532228451879e-02 8.679416919720213119e-01 2.818893841326223448e+00 -8.495550756026759576e-01 3.032142022919268598e-01 -1.160873889786819380e+00 1.272608665939556793e+00
-1.595968430917182879e+00 -3.017248179018512388e-01 -1.004947487717114951e-01 -9.383355780747785202e-01 1.558787387531282154e-01 1.347732725105720508e+00 4.089307115614583266e-01 -3.300074225539570416e-02 -5.469138230385929555e-02 -3.422904252631007171e-01
1.152832728349416413e+00 1.069791439940466660e+00 9.892109790918000023e-01 5.351644270956082972e-01 1.243769737762542071e+00 4.134590339072737208e+00 5.459875624899981350e-01 2.117813285123964384e+00 1.716386566681979309e+00 8.670681106962228046e-01
4.732670350668324866e-01 4.960088681557525692e-01 6.325411394604786297e-01 7.996980168499254749e-01 9.087280657041877374e-01 -3.819597761930202395e-01 1.504929917897393832e+00 1.683523813444663286e+00 1.272689266429927413e+00 1.540077455490645120e+00
5.172555599163412010e-01 4.997204186915182311e-01 7.359515513304809575e-01 -5.929205903052576776e-01 3.831740257686302442e-01 1.332707129557356929e+00 -2.947816325749379462e-01 -6.049931449088642443e-01 9.599950560986540982e-01 7.020345109986685372e-01
1.545355976266831632e+00 -5.044507133827130785e-01 -1.205520704355983019e+00 1.730026806353527069e-01 -1.227090601853246254e-01 -2.308934924756487206e-01 1.243295466751682010e+00 1.406361831451913735e+00 1.080512879868317899e+00 1.054718399247235872e-01
1.410081938073754149e+00 1.408535250179202336e+00 1.379604238173862019e+00 2.334710486221960313e+00 7.363371123702333598e-01 1.631779668288630969e+00 3.464811975795923926e-01 1.950137358470938276e+00 1.508386152919747980e+00 5.935267992619116528e-01
-1.754947842255236701e-01 6.416162107055943808e-01 4.396368745053976235e-01 2.847425223065912503e-01 1.230568357016472936e+00 1.077539828218466056e+00 -7.143698843130890097e-01 -8.754162825943934134e-01 -5.166598607922859854e-01 2.212687370598703102e-02
-6.379456485492870227e-03 -6.542900907980253589e-01 -5.029276524960594186e-01 8.904291388655083406e-01 1.600210406784486228e+00 7.726571801461329381e-01 1.495855888883946827e+00 -9.402911226796351052e-01 -8.295646904426082768e-01 5.676925078049397388e-01
-7.269201730604196721e-01 -8.649671126097752127e-02 -4.131767987282243815e-01 -1.020222584333572158e+00 -1.867027799418676581e+00 8.018892382271188835e-01 -1.320982322421791755e-01 -1.456954328447501723e+00 5.741651376389608208e-01 -5.160611515001546357e-01
3.863979181904808602e-02 1.545246755628989721e+00 3.214977443761434239e-01 7.959847409667022422e-01 -2.100560093164851871e-01 1.465730350136888127e+00 6.787358155099501023e-01 6.607339230725494117e-01 4.253481162868399945e-01 -2.691967572906435735e-01
1.676621324759453247e+00 1.516322992211053933e+00 1.784462810341935324e+00 6.543043827730665729e-01 1.453465207075614885e+00 2.486924556446013845e+00 9.267106324472560441e-01 1.155113329669746669e+00 1.221758505301491216e+00 -2.072965437297012020e-02
2.149747592414212871e+00 2.196996443406618926e+00 -6.456470642165854645e-01 7.982840272553823890e-01 -2.757224417501160652e-01 1.391514554129574144e+00 5.197423186494943836e-01 5.213444993197228206e-01 1.405266994927099500e+00 -9.122270203938763755e-01
-1.056223427058282649e+00 4.811693011031869527e-01 1.202793375007364274e+00 2.332420136544186839e-01 -8.775930641065360360e-02 1.317115885506500828e+00 1.434240631742417671e+00 1.294536523596035327e+00 4.221089282579850721e-01 8.070229262732249165e-01
9.704136848269443449e-01 -1.134372664088239668e+00 -3.528898041512835704e-01 5.235472526341515831e-01 -7.143056134549452540e-01 -4.384387936241259665e-01 6.079930334949643633e-01 3.220408977915119042e-01 -8.476168698466861606e-01 -4.301839816459201438e-01
-3.245841237565019743e-01 -3.249614299988301536e-01 2.352099709980203235e-01 -4.660972126170721541e-01 -9.432200453101839965e-01 -3.746201663698918605e+00 -7.374547128173861710e-01 1.331700889182874548e+00 2.948271202635318056e-01 9.599499793244025136e-01
-6.814123184619585993e-01 -1.122675138793192584e+00 -8.733202725739096506e-01 -5.352047742608454506e-01 5.807584306285058506e-01 1.986406508491513900e+00 3.300665481928150014e-02 -3.450892777163169778e-02 -8.347892592436990666e-01 -9.516909142551344125e-01
4.915464689065683901e-01 7.122514983295583080e-02 -3.195441192770039351e-01 -5.058878761405588564e-01 8.802780919323802689e-01 -2.595810594036969121e-01 8.430031988120363362e-01 4.629667628642402111e-01 -3.282948716002442868e-01 1.200963292664257165e-01
3.762473216026478995e-01 5.841941948985586164e-01 7.709558227654278451e-01 2.193917029581288869e+00 -2.814550613835505866e-01 2.954807363075393489e+00 -5.925481254540619913e-01 6.244358896373679579e-01 3.788823979346259696e-01 -2.902240265676560571e-01
9.642691529848813614e-01 3.595300651227490429e-01 7.784112681644411724e-01 2.124297074217161629e+00 1.527566696535535451e+00 -1.914847659434656402e+00 5.869554336518429949e-01 3.878554096586563915e-01 1.240864547435297061e+00 8.897646504238315712e-01
2.518846071481379845e-01 1.032123930364074127e+00 8.376618654027820909e-01 1.689489229623287958e+00 1.582360813539098965e+00 2.697119426478696624e+00 8.146305824112168859e-01 2.684464822839823794e-01 -2.100548810772807570e-02 4.987695738072774332e-01
-6.131264988446666342e-01 9.524917455321918469e-02 -6.843673875306824916e-01 4.757894073392245904e-01 9.156944600236243126e-01 1.019693267412685067e+00 -3.173690777361559689e-02 3.451325646065742658e-01 -1.398046801327346433e-01 1.079647011370320486e+00
-8.470971026125279080e-01 -8.249199611420479084e-01 1.884589719049087619e-01 -7.428331024471415689e-02 -4.781786367298281881e-01 5.187074420390381801e-01 -2.801588037889355398e-01 3.814927317547466279e-01 -1.218311276735235094e+00 -4.120027566385595086e-01
-1.012678750548079210e+00 4.246665942659672011e-01 -3.930882085215979815e-01 -3.902658053146736972e-01 7.664441035076291486e-02 2.183183457276379524e+00 -1.684463200176223585e-01 -9.586210223451692158e-01 -2.692184624875807453e-01 7.551806866784496752e-02
4.182524823019664884e-01 8.659413317576934999e-01 -1.855984118116489889e-01 -1.932708521154434145e+00 -7.255186411326322027e-01 1.859431838540464899e+00 8.067913058130975479e-01 3.420785693396256599e-01 -2.309785425185613139e-01 -1.186642850975779595e+00
-6.941170692477974802e-01 9.322570114760430071e-01 1.802787741287146250e-01 2.426447788212256207e-01 1.123257536733242301e-01 -1.486303407057421033e+00 1.084747780287673491e+00 1.021369197146759777e+00 4.428514558371865473e-01 6.711135052346762775e-01
4.873282439051705994e-01 8.306084759559462238e-01 1.955478273266502143e-01 8.908502299510625555e-01 3.662171047223981152e-02 2.155169992970119797e+00 -7.885937959123836549e-01 -1.722678826260454876e+00 1.707817886758631332e-01 3.249843347738306520e-01
-1.068538441537830286e+00 5.164489664833002980e-01 3.058460244068360367e+00 7.436775361051771727e-01 1.750602628901627211e+00 -2.146943400982294081e-01 8.121400227150292750e-01 1.568575251086264721e+00 9.688797117135713455e-01 -5.931940036932987353e-02
-5.955848973431500104e-01 -1.469114804284213927e+00 -5.826290434670026164e-01 -9.703306220149718886e-01 -2.179777342390344597e+00 -6.056534722571623730e-01 -9.188662297287684133e-01 -7.715124877053283203e-01 -1.622475260039548450e+00 -1.130341146213196035e+00
-1.188081371025163202e+00 -8.324129453286578384e-01 -2.374501274832819586e+00 -2.622462322490537900e+00 -2.070169285894556677e-01 -1.368006078342227205e+00 -5.384017254484338988e-01 1.286054515680302990e-01 -4.351275463824236800e-01 5.341576091536882620e-01
-1.886975983029133830e-01 7.187384188720754574e-01 1.942451553725089430e-01 3.317065962900188625e-01 -1.351702037817338331e+00 -2.638454264138168082e-01 -1.040121141881338973e+00 -1.908116198526824681e+00 -6.175115863004768668e-01 -1.348086804322798926e+00
1.349656897588090931e+00 1.203185375035410898e+00 1.298346295206534107e+00 1.691936000709685750e+00 1.729294825695222027e-01 2.982034561843231568e+00 2.891832763433285214e-01 2.928717121821710068e-01 1.618605001501740304e-01 2.182779651107470409e-01
-9.426616471754071247e-01 -2.349192483537151599e+00 -2.129532472186036696e+00 -2.600867056866698945e+00 -1.723409211666180330e+00 -1.439542171402192317e+00 -2.263449347551645729e+00 -1.522557990829459751e+00 -1.953047716808544276e+00 -2.756833198585802780e+00
2.483611907827723453e+00 -8.787770499207634423e-01 5.315682825129303124e-01 1.098178115995129378e+00 6.126974896009419469e-01 2.958009091665966483e+00 -2.557346187151574579e-01 8.864916924609542725e-01 1.313427713784288242e+00 -3.607590882785068065e-03
7.002400576070156868e-01 9.767304789609797533e-01 1.472580709458262693e-01 1.229882009375987406e-01 4.366470058776389385e-01 5.911184854240552511e+00 1.372599082188680486e-01 4.640994758866393566e-01 5.837647929065038072e-03 1.478355695524927182e-01
2.261340285430652131e+00 -6.967743175167402381e-01 -5.152589455721520162e-01 -3.127409209866647277e-01 -6.322116065009810715e-01 6.749216391800422210e-01 -8.158271192757702295e-01 9.918196732275874616e-01 -1.239663910748920239e+00 -9.663188778316161853e-02
1.582887395288139043e+00 2.047272915684984262e+00 1.125724436523352079e+00 8.978703542590613651e-01 2.522427642504384782e+00 -3.525218032754051656e-01 -4.963448371913994905e-02 -8.386251918866358124e-02 1.046924498029087269e+00 -3.510737130949609930e-01
2.247246946729838157e+00 4.180117945484085884e-01 2.095054105640824282e+00 4.548180237764409828e-01 4.909950440049883902e-01 3.396384490472180051e+00 3.267367797497808812e-01 1.227702846281828242e+00 9.965375307691081153e-01 4.510378777826636321e-01
-3.027969459001891850e-01 -1.513011258348518906e-01 -6.922528035520565393e-01 1.443751354286107735e-01 -6.648091671431661798e-01 -2.788761625336334760e+00 -3.314946461275254386e-01 -3.021897259575825889e-02 -1.460691282017488324e-01 -3.922001590577956637e-02
1.098762201637546454e+00 -2.165869451648037153e-02 -3.520007536951417770e-01 -1.258875699807003590e-01 2.116255606041881066e-01 -4.892018163786607809e-01 -5.570455682491828875e-02 5.130818977566832251e-01 1.395561110062507049e-01 -1.539796174340975154e+00
1.962241559499783641e-02 -8.549862892012171089e-01 -6.247579735828355796e-01 -4.485522729147187748e-01 -6.529328213499699940e-01 -2.544958596605852996e+00 8.675821027401500185e-01 3.254731779944404213e-01 -1.267953859987266840e+00 1.151201093374013551e+00
-3.438206321241784602e-01 1.240620693250091611e+00 3.930032256356874032e-01 4.965519946783455985e-02 -5.300463535740648213e-01 -2.251107698874247998e+00 -1.056445926499762766e+00 -1.708033636111998543e+00 -1.259038897274138646e+00 -8.009924589536643325e-01
8.581134347400926066e-01 1.287006437352596344e-01 1.784207591698002471e+00 -1.994269805429784437e-01 -3.579365900209887513e-02 3.287003859308587739e+00 -1.145067665142711910e-01 6.537211867135871435e-01 -3.647895774856776407e-01 5.619025630241060165e-01
-9.728797394852836677e-02 2.076429115642670215e-02 -2.217523365095802612e-01 9.240579382678111298e-01 1.402808937895098973e+00 2.204711775259261763e+00 1.602634288545181418e+00 1.585333394881353275e+00 1.229414396891843841e+00 1.192241739914099985e-01
2.050728047610372418e+00 6.066294114424028994e-01 -2.106179747848766493e-01 1.145823274895760413e+00 -2.261417776953122682e-01 -2.825083032010723638e+00 6.259126268824819483e-01 4.083960516167883803e-01 2.261820387389579246e+00 -9.057165629257490913e-02
-1.419504648913862965e+00 -1.121555639250462422e+00 -1.329316691081793067e+00 -5.664338149886850582e-01 -8.147195177599145799e-01 -2.892881579182849716e+00 -3.197340802833923412e-01 -1.700746976513041853e+00 -1.085303550964877184e+00 -9.247365122639329693e-03
2.858557027098898029e-01 -2.055525334779535029e+00 -1.813346735297554968e+00 -1.503122588909084456e+00 -6.721768558490414103e-01 -2.795124376140298406e+00 -3.650273291887888849e-01 -3.805781137413962734e-01 -8.354297331533568072e-02 -1.301302359914593865e+00
1.368898427155027075e+00 1.833380538860162057e+00 1.963956171005370122e+00 2.095012521579526499e-01 2.586885717736929546e+00 -1.148782965443538640e+00 3.467204346283703220e-01 4.904818006545856868e-01 9.235257968063469158e-02 1.554673683721562227e+00
7.579606781470484833e-01 5.303432206249856229e-01 1.823602761852771925e+00 1.726314119049761731e+00 3.156156529032826175e+00 -2.590950054649054035e+00 1.201932625518286502e+00 2.632761126076178515e-01 7.255369773128532707e-01 -3.215758371651829539e-01
-7.010521221255507918e-01 5.400143300761545834e-02 -1.656685601554539256e+00 -8.796437190180198540e-01 -1.001153429138769146e+00 -1.577474720566863109e+00 -2.716065968430559918e-01 -8.201580524607393619e-02 -1.378089999953809430e+00 4.415844112212178318e-01
-1.622968838096698452e+00 -7.283282434877139666e-01 -1.456170272492245177e+00 -2.178731735046797180e+00 -3.151673488801128631e+00 8.622879047155735943e-01 2.931729047710632252e-02 4.720771119057181053e-01 -1.691436845267743294e+00 -4.029465536902152034e-01
6.649530878012046564e-01 6.110494602012399579e-01 2.593008095385570533e-01 1.738064920271684022e+00 2.220634750696880655e+00 -2.215174204325064178e+00 6.920715331775249002e-01 3.383086610053240295e-02 -5.717560096947779114e-01 -1.425836145291799473e-01
3.938176003745832432e-01 -6.332586270270910145e-01 -7.266855137731750292e-01 9.371816789205988929e-01 -9.453878052179293112e-01 -3.312404501999054673e+00 1.068641862948091381e+00 6.464792124716514099e-01 -1.253119561872086396e-01 8.601012211716524414e-01
-6.741440165137426721e-01 -1.375937295424704887e+00 -8.557266777308667471e-01 -7.984595879638325955e-02 4.307434528919222849e-01 -3.140728663108760532e-02 -5.356878231550378233e-01 -1.375560253212018580e+00 -9.138514288637351601e-01 -8.220853614037583190e-01
-2.640963908131852000e-01 -4.052882019051114448e-01 9.278165038709057511e-01 3.525262249981332419e-01 7.312491288482430019e-01 9.779722885818875611e-01 5.428491166889087838e-01 4.131698523236740916e-01 -4.933360744640206130e-01 5.073639807907077692e-01
-1.532250721707899999e+00 -2.646320937815399343e+00 -2.818290327462173561e+00 -2.896973056465892427e+00 -3.359521141959565416e+00 -4.724762996713598895e+00 -1.027590525999058091e+00 -1.702931281862517743e+00 -2.151810084563252623e+00 -1.583424617784266797e+00
1.657688628020932198e+00 1.583345841803699861e+00 1.807046749881853875e+00 3.338368217515541581e-01 -1.158357064786635693e+00 -5.705383771925083281e-01 -2.721799861388894959e-01 3.975320423752695120e-01 -5.016912349936133442e-01 4.846610061179222606e-03
2.831375100792615229e-01 3.765048230454118294e-01 -2.781159943266224288e-01 -1.045400233556928182e-01 2.733232095394275835e-02 1.890284100431449232e+00 -5.789702421141232902e-01 -8.456228126738057904e-01 -3.462033456613480831e-01 -7.781292521061241585e-01
6.479731230864870239e-01 5.293577923180881051e-01 3.990493754104418311e-01 1.695599634121004895e+00 1.661184653480091145e+00 3.683467383549557717e+00 1.400866496902613223e+00 -8.450492129974104816e-02 2.535251382103531625e+00 2.694699328656430470e+00
2.549046378299697491e+00 1.334112426905803783e+00 1.996288000341032598e+00 9.208134183246348137e-01 1.049989554477284370e+00 9.491888759590411118e-02 1.410257349202244104e+00 2.162129881484306626e+00 3.380068215863402670e-01 2.256027411970538132e+00
-1.283186549114883057e+00 -1.892676669510792165e+00 -1.403534594112033629e+00 -2.099528467366450712e+00 -2.442697511877924388e+00 -3.432573548517704243e+00 -2.512785748260468743e-01 -6.851655580598493556e-01 -4.106725821577142943e-01 -2.748259378431228139e-01
8.976004981417380346e-01 -5.835877782395091362e-01 -8.522008068776930623e-01 5.812523869161152490e-01 -4.786895652649157951e-01 2.960548620667616149e+00 -8.083456352355147256e-01 -4.076700907845848265e-01 4.474891158740809671e-01 -6.044279232751450515e-01
-1.793948044180329493e+00 -1.655097283163355359e-01 -8.351942113644786891e-01 6.099948489909054472e-02 1.290304713476689846e+00 1.083410376884384796e+00 -5.940878489816709962e-01 9.321517171382484590e-02 -1.289777245059577249e+00 -6.883451914918751191e-01
1.683150994419460034e+00 1.524052149093533481e+00 3.472577907302002442e-01 1.006308263167228212e+00 -8.018009318187983014e-01 2.483080649253086580e+00 6.563508092173220287e-01 2.774973049772465616e-01 5.979141521629999234e-01 -1.282431177200533123e-01
7.315789558624143929e-01 -9.419473296731911693e-01 5.542288942253698059e-01 -5.162006918118680066e-01 -5.510598478000270362e-01 -2.612111215773722517e+00 -7.832387848841726452e-01 -1.803580606011601750e+00 -3.694919259968880709e-01 -9.697838460002909944e-01
1.380410243658180547e-01 -2.341544966545728856e-01 3.144301930219199903e-01 -1.697478503638646663e-01 -1.422652083408999291e+00 -1.360963596250148733e+00 -4.281762352617313194e-01 -1.517046176421293469e+00 -1.350014829121659043e-01 2.554208096844678422e-01
-6.589028667509185810e-01 1.408000077408299022e-01 1.018501109486243283e+00 1.500716739292174529e+00 1.139110203968093815e+00 4.418165001712742734e-02 3.555144835325129149e-01 -3.335122726085124056e-02 -9.493341082563030442e-01 1.765787090911259960e-01
2.285553516646410710e+00 2.862420037941269535e-01 1.018496564992228182e+00 6.528101013923353069e-01 9.620364899829600969e-01 -8.743046062742778624e-01 -4.496834359472327014e-01 1.087950267310510144e-01 1.768671342778787903e+00 1.557911535789801571e-01
1.453367412697697425e+00 7.168751009481419967e-01 2.129146065379317054e+00 1.630254607638792042e+00 1.011281450023572281e+00 2.014857640254309246e+00 5.115966650289267559e-01 5.315093312356461430e-01 2.097082183974159977e-02 6.277587377244400746e-02
-2.222142842613072586e-02 5.581872008924545492e-01 5.761781745446129532e-01 3.261733558179198411e-01 2.479885487348968187e+00 1.575597914173866965e+00 1.001310034584727449e+00 7.477773648259842254e-01 -4.368793224488753402e-01 1.035573340276531695e+00
7.505151280894153398e-01 2.890813572783237362e-01 8.286107087050363917e-01 -1.753863819186177175e-02 -4.983480187598696709e-01 -3.084792790434842669e-02 -2.313888438933387193e-01 1.151381727983255276e-01 1.360761943223821324e-01 -4.173202489931492898e-01
3.084239534765020441e+00 1.062620377484259748e+00 1.619107157223827587e+00 1.741154829219417444e+00 2.198652370222491825e+00 2.974549590637959984e+00 6.139952672727140293e-01 1.005507513184840995e+00 2.120960321668289961e+00 1.148617285234453833e+00
1.022749240547889737e+00 -1.043103522105365832e-01 -7.052332553944157256e-02 -5.271567728366495231e-01 -1.917239157572097286e+00 3.201875856004461784e+00 -3.274128965118814349e-01 2.038895288570937159e-01 -1.098663669163562506e+00 -1.459068346916444048e+00
3.835695454955237449e-02 9.199993178884905420e-01 2.484639860877896900e-01 5.088432921729824088e-01 1.163444560240186831e+00 3.384835603896457989e+00 1.195451374923068411e+00 9.052013464367100193e-01 6.294497677111317024e-01 -1.801711273247156297e-01
-1.271274272662982874e+00 -1.200076459885149882e+00 -3.121108334424265163e+00 -6.747604650138618876e-01 -2.772829814728496878e+00 -4.310924986492139510e+00 -1.184923391062421949e+00 -6.558231453526885968e-01 -1.574746345578432960e+00 -8.043761499424589845e-01
6.345358715058865839e-02 7.596740500065174428e-01 1.435379718338120503e+00 -5.189683303084097199e-01 1.989234194588392901e+00 3.339850158613175690e+00 1.550533426514754398e-01 5.181077645755817196e-01 -5.639515288460356102e-01 -4.606903362270199365e-01
-3.026507727168314954e-01 1.414961067439357012e-01 -1.413217982085136271e+00 -1.029693443270748021e-01 -2.404010586096294866e-01 2.568990537928480755e+00 -5.557568619240431662e-01 2.874842797762804381e-01 7.348492506402269642e-02 -4.096819517479176609e-01
-5.340715177576210726e-02 -7.118064035588468341e-01 -7.501545719348027275e-01 5.475345209269278923e-01 -1.770302152656344274e+00 4.890364085868208477e-01 1.585317943497192017e+00 -2.924623094624169140e-01 -1.177412110910303289e+00 2.867948551977344412e-02
-1.029447681813302928e+00 -1.321589576227677254e+00 -7.219379987776479712e-01 -1.452328737159939820e+00 1.201492140871819769e+00 -3.807995185209504196e+00 -5.412810967268487650e-01 2.378365847049498938e-01 -4.151916818484256977e-01 -5.551769197778951836e-01
-1.435067435773658973e-01 -5.888662228882551863e-01 -4.503485105341651362e-01 -5.161424972286970947e-01 -2.027903530430687162e+00 -1.635057064296943308e+00 -8.901605658233406881e-01 -1.649481169897783761e-01 -4.030094360921228358e-03 -4.552120400413892654e-01
-2.595169213628669702e-01 -2.492175906766126992e-01 -1.614156102815954563e-01 3.453127711962830637e-02 -3.276246313500761342e-01 -2.256964792849067702e+00 -9.127714348734521366e-01 5.010303700435311813e-02 -1.043884699939926053e+00 9.285676122277070066e-02
6.832097249604983658e-01 -1.188914985289660109e+00 -8.571208128292814310e-01 -6.584070697464360356e-01 -6.759316545741362869e-01 1.969148730819891835e-02 1.091103782590510385e-01 -3.575088895811384671e-01 -8.691806930842391754e-01 -8.447011007362773549e-01
8.645466826632429713e-01 2.076240648268922850e+00 4.284340254326141073e-01 6.248459049114283292e-01 3.403033251391198166e-01 1.584590578461740229e+00 -1.488537876757635381e+00 8.230761025168662481e-01 1.217741758568771315e+00 1.967841826671909988e+00
1.024531526145919580e+00 -1.074734419581736322e+00 -9.794570742205699343e-01 -4.355261439673260293e-01 -1.476017051119751011e+00 -2.430346457796225490e+00 1.287529413237845088e-02 2.591617015747911257e-01 -1.522719432405859052e+00 -6.564083810893865945e-01
-3.574075493543004689e-01 -4.639578201128586876e-01 -1.344645051503121413e+00 -9.260812734382196654e-01 3.409184561543352615e-02 3.154106696424323619e-01 -1.153844142857717303e+00 -1.242064889772913183e+00 1.417948273114175928e+00 -1.534849018192372405e+00
7.113228532373219171e-01 1.548755452092476892e+00 1.207622770091334452e+00 1.352328884624854455e+00 9.032824538774965051e-01 5.096172638384469877e+00 1.455557485109079396e-01 9.164495211892134674e-02 8.309315182669433364e-01 -3.492209558115087487e-01
-7.991135746348645430e-01 -6.265393437117339204e-01 5.986727914440510556e-01 -9.134162608319840171e-01 -4.425257243247935346e-01 6.860716313879033912e-01 1.936899840749270185e-01 6.259832125967161875e-01 6.578710561135123758e-01 4.812804028427847824e-01
-2.655836489282864532e-01 9.183046898112700029e-01 -1.104078812701621226e+00 2.809727391170306898e-01 -3.020955743392050419e+00 1.152471833970034609e+00 -8.685876769526814645e-01 -2.152647980566722463e+00 -1.360220679697621005e-01 -7.221960360123996781e-01
-8.221915858830294299e-01 -4.607187050861376032e-01 -8.882617701197493831e-01 3.792683524364610648e-01 1.451274695840738760e+00 -2.623520596345406464e+00 8.716475413373344638e-01 -2.034658261185698647e-01 -7.640092274015701790e-01 4.693008731747714823e-01
3.739706482486778727e-01 5.399491100026252433e-01 -3.765624306894867490e-01 -1.324354914006342643e-03 -3.613173329415962365e-01 1.141307998864661721e+00 -1.130406642905940062e+00 -9.970997049933334466e-01 -6.484998444831092945e-02 -3.745701844016497417e-01
-1.260081156539915037e+00 -1.793167737834609143e+00 -6.402686788290917752e-01 -3.998618995418444788e-01 -6.949838193838844269e-01 -1.253414835515541670e+00 -2.384458066346940297e-01 -7.120119312267533251e-01 -3.595492857432799894e-01 7.452674725033644476e-01
9.298838059766280084e-01 5.483800986497500141e-01 6.466981476912665450e-01 4.957041184277364287e-01 1.366958706334217843e-01 4.430038065690513616e-01 1.136374860911329721e-01 -6.834115884573025435e-01 -2.087373143212226667e-01 -5.814035489198030593e-01
-5.841637623747363284e-01 -1.794107716875848135e+00 -2.090763438775543381e+00 -9.110624849661320690e-01 -2.450562622363905874e+00 1.740373135382718317e+00 1.964612059527383325e-01 1.083766687760098490e-01 -1.633533177636721678e+00 -9.267464384674991562e-01
-1.612864567417610751e+00 -6.266667815801088004e-01 5.547709601685112402e-01 4.128357616035276401e-01 1.796920832885257335e-01 -6.736711438016694808e-01 -9.024278867722694830e-01 -1.534669185365988564e-01 -8.993221826044796030e-01 4.828599045076841789e-01
-1.557791387953544771e+00 -2.592862828489916449e+00 -1.230251706857202310e+00 -1.713980593894545157e+00 1.715048394998805736e-01 -1.332674821153656541e+00 3.489078332075413735e-01 -4.150816362414706528e-01 4.579020861054859948e-01 -1.414895644859400559e+00
-7.117846752033806235e-01 5.761060824579498085e-01 -4.855823343656306967e-01 -1.994941864317240354e-01 2.558445683988530561e-01 -5.451532486066406058e-01 4.489411342806812200e-02 2.963439310562446805e-01 -1.765977280991309462e+00 6.653877300392156968e-01
-6.354614353147342021e-02 2.962129122662645053e-01 1.387453562966128873e+00 -4.908388132586902763e-01 9.074239885125269245e-01 2.064588188658509793e+00 -3.911987939717709306e-01 7.879270958812448766e-01 1.398275811055215589e+00 4.520276875106236658e-01
-2.234442317779793186e+00 -5.594643295601849919e-01 -1.111823968449134670e+00 -6.735404711576966630e-01 -5.525626301411862284e-01 -3.062150021054364846e+00 -2.682661353584160357e-01 -9.742905045410825693e-01 -1.981424416693212120e-01 1.125443209803982936e-01
2.294627132857159690e+00 -8.746050946208442367e-01 -5.421544495251640755e-02 -2.370020526149335949e-01 -6.369600277723304060e-01 1.189865794198164295e+00 -1.554857121289736410e+00 -7.672742784779074121e-01 -1.956228805204208943e+00 -2.173519407868796105e-01
-3.093884212249192744e-01 9.059627235750301599e-01 1.832304528603689420e+00 2.994346722432214003e-01 2.008032872480097542e+00 2.083315155811071406e+00 -7.142297479137620364e-01 2.308729784860154843e-01 8.064728987849620889e-01 -2.148871360965221577e-01
-2.854827545902560715e-01 -8.121064012472415383e-01 5.746593076062219696e-01 -3.092908175316695374e-01 -3.424497581677347635e-01 -4.241074310251293777e-01 -4.152825103220313396e-01 -5.457724316095060590e-01 -5.176199892069406616e-02 -7.472269837032580186e-01
1.544519482941927757e+00 1.350443021187318626e+00 2.623870278938466694e+00 1.871011218469630144e+00 2.731340924999165587e+00 1.697304799985911661e+00 5.138490164222986323e-01 4.564127043279136986e-01 9.998171743262082023e-01 1.301665696870752953e+00
-2.450561030866582266e-02 8.074118063522096600e-01 -6.700629541367963959e-02 4.812499499268859671e-01 3.924567442027335762e-01 -5.390523589490531231e-01 3.546412553788300670e-01 3.211905647068212799e-01 -4.893094513875477780e-01 5.081262915334504582e-01
-1.348530705498809379e+00 -6.917166729511656786e-01 1.070125922397927587e+00 -1.731808762651393385e+00 4.657829951410150798e-02 5.275651415485593798e-02 9.005196152606989579e-02 4.257421778957763969e-01 2.043509120789251121e-01 9.230837558530322617e-01
6.454492526149085974e-01 -1.920878632052507723e-02 -8.292024183153550165e-01 -3.169643309092771144e-01 -9.471228652953715965e-01 -2.063452529292312265e-01 -7.986603830112916080e-01 -2.859257131324958179e-01 3.644161327915440007e-01 1.720795410066722764e-01
-7.865762366834072594e-01 4.279916993798859592e-01 -6.127713041259880145e-01 -2.012353340548316549e-01 -4.664683993441781640e-01 -2.431180956276562721e+00 -2.588696989757596767e-02 2.499136067907468950e-01 -1.029599942458442330e+00 -1.032537208637794302e-01
8.195269182278025477e-01 2.765391366330562040e+00 3.139707862196214894e+00 1.956974463104458994e+00 4.999323598966565640e+00 5.708571133420967669e+00 1.650555560557069201e+00 1.906982385363206411e+00 1.168889740074473105e+00 -1.612171988368192865e-01
1.736413378870861113e+00 2.096545460485748080e+00 1.858955996780419673e+00 2.448418336709032417e+00 6.414892218039743854e-01 2.794112239294230360e+00 9.980584514214960734e-01 1.595856791253385865e+00 1.194775493830646740e+00 9.549450671677793823e-01
6.707825189958148693e-01 -5.223581803889836284e-01 -8.093733228988210238e-01 -9.572273584076945729e-02 1.129549428094506480e-01 -5.976513774630798359e-01 4.132550987433131207e-01 3.210196349929846926e-01 1.357167120133794327e-02 4.145580939783540253e-01
1.533439965057627807e+00 1.310759901202292799e+00 1.371172325759086874e+00 1.317419398984996493e+00 1.260213723889076265e+00 4.004073670089814740e+00 1.419878242342229036e-03 2.881370639119383847e-01 4.272118556620113639e-01 -1.053415856889908797e+00
-3.562152462844004885e-01 7.265660075125294215e-01 2.221022557752379556e-01 1.100279276580129251e+00 -1.522196620844251946e-01 -1.686045545737196116e+00 4.951461190920070088e-01 4.726248268904772454e-01 4.216616599173186319e-01 3.478369352985793417e-01
1.523660480964017738e+00 1.769515257539750586e+00 6.329916199612531935e-01 -3.386835229496134581e-01 -4.906803677968170074e-01 -5.229951126629496239e-01 -2.680197539118982508e-01 -6.322218344256966271e-02 2.646123273989152147e-01 8.079576382656350475e-02
1.037086273537302372e-01 5.585689130851418938e-01 9.613324879583876603e-01 2.356644725452681222e+00 5.467299102122433890e-02 -1.047097166798371504e+00 9.668026848338333590e-01 9.044033264568551722e-01 1.039099595691583167e+00 7.080886004459908678e-01
2.208354657699069801e-01 -1.757419490635147019e+00 -3.767961934465204887e-01 9.341056312259310435e-01 -2.208487342530267850e-01 -2.496544434766501563e+00 -3.542966967052422200e-01 -9.794367843766016435e-01 1.594834714215763283e+00 -8.615983468724975891e-01
1.756148243521443275e+00 -5.306752263402345626e-01 -5.309315925512553269e-01 -5.120663769966411483e-01 4.373001109693374633e-01 1.409688897052072232e+00 -4.661106863393319477e-01 -1.215870254908727466e+00 -6.037840351193729527e-01 -3.066980980639543164e-01
-9.282708436657188811e-01 -3.269926518586631636e-01 9.939595964444266629e-01 2.321489092712157032e-01 -2.885126167313682988e-01 -2.757834073279218923e-01 8.123230048689181748e-01 1.074498062437716062e+00 -1.021612077800868740e-01 1.112271395646083905e+00
9.505233930540405440e-01 1.289815540198026300e-01 5.741798653421016363e-01 -8.301422359627255720e-02 9.692899210093232076e-01 -7.126358845131138819e-01 -7.121722381909002531e-01 -2.009325548766116853e-01 -9.853380606425772570e-02 5.377365393783741787e-01
-7.029706836822218197e-01 -1.895439123843352669e-01 -1.484529698988256818e+00 -1.020453300397816676e+00 -1.792743294095854978e+00 5.845946864552931110e-01 7.219570142628606302e-01 5.121015403286786061e-01 -1.068072066841216028e+00 -9.790739396599993372e-01
9.272636332320661756e-01 1.357295399846798700e+00 -1.362718668838309721e-01 2.511338803586964374e-01 -1.079764245032162506e+00 9.740705068890276319e-02 1.056355168194276772e-01 4.780659553105368054e-02 -1.083778652328195813e+00 6.965000165897042850e-01
8.569835742627135433e-01 7.219878011993842160e-01 1.935218417302677851e+00 4.035367831976269803e-01 1.862633783261973708e+00 4.038787728273215194e+00 4.711093890122803884e-01 1.307892171861320119e+00 1.640087802699897068e+00 1.205955420861585914e+00
